 Yearly Averaged Head Values from MODFLOW
 
 year:        1985
 layer:           1
  3.60875E+02  3.64296E+02  3.70339E+02  3.68948E+02  3.65192E+02  3.47948E+02  3.35146E+02  3.27669E+02  3.26818E+02  3.26633E+02  3.32833E+02  3.32903E+02  3.32558E+02  3.26976E+02  3.19297E+02  3.07703E+02  2.99130E+02  2.93088E+02  2.90609E+02  2.88210E+02  2.87334E+02  2.86051E+02  2.84930E+02  2.83509E+02  2.80663E+02  2.77883E+02  2.77552E+02 -2.00000E+20 -2.00000E+20 -2.00000E+20 -2.00000E+20 -2.00000E+20 -2.00000E+20 -2.00000E+20 -2.00000E+20 -2.00000E+20 -2.00000E+20 -2.00000E+20 -2.00000E+20 -2.00000E+20
  3.59681E+02  3.62445E+02  3.64831E+02  3.61713E+02  3.65488E+02  3.16809E+02  3.07994E+02  3.14147E+02  3.39288E+02  3.29241E+02  3.36824E+02  3.38175E+02  3.40686E+02  3.31806E+02  3.18856E+02  3.08172E+02  3.00790E+02  2.95717E+02  2.93811E+02  2.90220E+02  2.89955E+02  2.90693E+02  2.87213E+02  2.81285E+02  2.77950E+02  2.76018E+02  2.74119E+02  2.72875E+02  2.68618E+02  2.63548E+02  2.58681E+02  2.54017E+02 -2.00000E+20 -2.00000E+20 -2.00000E+20 -2.00000E+20 -2.00000E+20 -2.00000E+20 -2.00000E+20 -2.00000E+20
  3.58779E+02  3.59419E+02  3.58761E+02  3.35689E+02  3.26301E+02  3.34372E+02  3.30643E+02  3.12027E+02  2.96771E+02  3.02549E+02  4.23577E+02  3.80057E+02  3.96681E+02  3.77919E+02  3.42946E+02  3.11849E+02  3.04043E+02  2.98675E+02  2.91007E+02  2.86789E+02  2.94473E+02  2.91326E+02  2.89021E+02  2.78022E+02  2.75498E+02  2.74992E+02  2.70113E+02  2.67966E+02  2.65376E+02  2.61365E+02  2.56349E+02  2.50604E+02  2.45838E+02 -2.00000E+20 -2.00000E+20 -2.00000E+20 -2.00000E+20 -2.00000E+20 -2.00000E+20 -2.00000E+20
  3.58424E+02  3.56617E+02  3.55555E+02  3.49398E+02  3.41812E+02  3.44844E+02  3.50027E+02  3.40653E+02  3.30354E+02  2.92694E+02  2.75101E+02  2.91227E+02  9.52059E+02  4.55518E+02  3.63166E+02  3.04909E+02  2.98782E+02  2.99542E+02  2.68203E+02  2.65656E+02  3.12544E+02  3.08766E+02  2.89315E+02  2.69449E+02  2.71026E+02  2.69465E+02  2.66308E+02  2.64767E+02  2.62472E+02  2.58783E+02  2.54317E+02  2.47719E+02  2.42235E+02  2.37455E+02 -2.00000E+20 -2.00000E+20 -2.00000E+20 -2.00000E+20 -2.00000E+20 -2.00000E+20
  3.57870E+02  3.55196E+02  3.52763E+02  3.49606E+02  3.45179E+02  3.42924E+02  3.43665E+02  3.44474E+02  4.00713E+02  3.38041E+02  3.28687E+02  2.71552E+02  2.76640E+02  2.56545E+02  2.60781E+02  2.63166E+02  2.74667E+02  2.58357E+02  2.69287E+02  2.53812E+02  2.51505E+02  2.46142E+02  2.35156E+02  2.33003E+02  2.32642E+02  2.38558E+02  2.60008E+02  2.61946E+02  2.61175E+02  2.58772E+02  2.54515E+02  2.46433E+02  2.40166E+02  2.34782E+02  2.29783E+02  2.26870E+02 -2.00000E+20 -2.00000E+20 -2.00000E+20 -2.00000E+20
  3.57132E+02  3.54444E+02  3.51191E+02  3.48351E+02  3.45816E+02  3.42889E+02  3.42145E+02  3.41767E+02  3.44450E+02  3.45690E+02  1.06347E+03  3.13591E+02  3.07634E+02  3.01394E+02  2.84495E+02  2.57578E+02  2.78966E+02  2.85784E+02  2.79679E+02  2.76480E+02  2.71665E+02  2.64809E+02  2.54409E+02  2.39586E+02  2.41682E+02  2.18690E+02  2.62207E+02  2.56120E+02  2.58409E+02  2.58511E+02  2.53904E+02  2.45914E+02  2.39798E+02  2.34100E+02  2.28614E+02  2.25322E+02  2.23551E+02 -2.00000E+20 -2.00000E+20 -2.00000E+20
  3.56198E+02  3.53462E+02  3.49973E+02  3.47015E+02  3.45405E+02  3.42742E+02  3.40085E+02  3.38259E+02  3.40307E+02  3.38873E+02  3.25198E+02  3.13718E+02  3.11424E+02  2.90079E+02  2.75234E+02  3.43453E+02  2.91594E+02  2.89172E+02  2.84999E+02  2.78367E+02  2.71107E+02  2.58507E+02  2.56941E+02  2.59081E+02  2.54885E+02  2.41624E+02  2.24633E+02  2.11325E+02  2.49443E+02  2.51690E+02  2.52622E+02  2.41875E+02  2.39894E+02  2.35146E+02  2.28205E+02  2.23896E+02  2.20854E+02  2.18198E+02 -2.00000E+20 -2.00000E+20
  3.55327E+02  3.52227E+02  3.48621E+02  3.45595E+02  3.43445E+02  3.41908E+02  3.38798E+02  3.36150E+02  3.33291E+02  3.26959E+02  3.09192E+02  2.99959E+02  2.99911E+02  2.72924E+02  2.96765E+02  3.00113E+02  2.93475E+02  2.86716E+02  2.82567E+02  2.77179E+02  2.70085E+02  2.64200E+02  2.68069E+02  2.65167E+02  2.62474E+02  2.61569E+02  2.64541E+02  2.29381E+02  2.08256E+02  2.03618E+02  2.05857E+02  2.30729E+02  2.39658E+02  2.36507E+02  2.25886E+02  2.23118E+02  2.18627E+02  2.14758E+02  2.11620E+02 -2.00000E+20
 -2.00000E+20  3.50276E+02  3.47612E+02  3.44080E+02  3.41594E+02  3.39958E+02  3.38024E+02  3.35804E+02  3.32804E+02  3.28174E+02  3.20364E+02  3.12985E+02  2.95698E+02  3.00506E+02  3.03077E+02  3.01088E+02  2.92499E+02  2.80880E+02  2.78716E+02  2.73695E+02  2.71838E+02  2.72891E+02  2.70749E+02  2.65623E+02  2.60237E+02  2.56347E+02  2.49461E+02  2.42012E+02  2.35436E+02  2.22627E+02  1.96958E+02  2.28964E+02  3.75462E+02  3.98691E+02  2.17914E+02  2.18732E+02  2.16398E+02  2.11371E+02  2.08478E+02  2.06100E+02
 -2.00000E+20 -2.00000E+20 -2.00000E+20  3.41995E+02  3.40091E+02  3.39126E+02  3.38933E+02  3.39386E+02  3.37835E+02  3.32856E+02  3.27313E+02  3.27137E+02  3.31421E+02  3.12079E+02  3.08978E+02  3.02595E+02  2.93143E+02  2.91814E+02  2.86376E+02  2.82349E+02  2.78638E+02  2.74422E+02  2.69672E+02  2.64394E+02  2.58714E+02  2.54658E+02  2.48154E+02  2.39118E+02  2.26449E+02  2.13754E+02  2.14345E+02  1.97557E+02  1.94831E+02  1.88242E+02  1.98832E+02  2.07223E+02  2.09457E+02  2.07330E+02  2.06912E+02  2.04600E+02
 -2.00000E+20 -2.00000E+20 -2.00000E+20 -2.00000E+20  3.38873E+02  3.39055E+02  3.39939E+02  3.40033E+02  3.42001E+02  3.38659E+02  3.32952E+02  3.28611E+02  3.22414E+02  3.16321E+02  3.10860E+02  3.02854E+02  2.94640E+02  2.93358E+02  2.86995E+02  2.81837E+02  2.76065E+02  2.70044E+02  2.62841E+02  2.57180E+02  2.53400E+02  2.50766E+02  2.43603E+02  2.28702E+02  2.23759E+02  2.26851E+02  2.20617E+02  2.14466E+02  2.06769E+02  2.04045E+02  1.88244E+02  1.94528E+02  2.00594E+02  2.01759E+02  2.01747E+02  2.00880E+02
 -2.00000E+20 -2.00000E+20 -2.00000E+20 -2.00000E+20 -2.00000E+20 -2.00000E+20  3.42647E+02  3.40117E+02  3.37545E+02  3.34451E+02  3.28122E+02  3.24646E+02  3.20703E+02  3.16889E+02  3.10538E+02  3.02108E+02  2.93938E+02  2.91595E+02  2.86129E+02  2.81261E+02  2.75863E+02  2.55752E+02  2.46722E+02  2.41305E+02  2.36929E+02  2.38304E+02  2.34682E+02  2.32113E+02  2.34972E+02  2.26476E+02  2.15170E+02  2.20482E+02  2.12125E+02  1.98968E+02  1.98035E+02  1.83761E+02  1.92630E+02  1.96213E+02  1.96848E+02  1.95789E+02
 -2.00000E+20 -2.00000E+20 -2.00000E+20 -2.00000E+20 -2.00000E+20 -2.00000E+20 -2.00000E+20  3.41519E+02  3.36434E+02  3.31694E+02  3.28036E+02  3.24503E+02  3.20203E+02  3.16607E+02  3.11867E+02  3.05271E+02  2.99017E+02  2.90178E+02  2.82941E+02  2.76943E+02  2.64457E+02  2.67486E+02  2.63796E+02  2.61514E+02  2.65839E+02  2.60541E+02  2.56705E+02  2.45435E+02  2.37668E+02  2.23132E+02  2.26478E+02  2.21207E+02  2.09429E+02  2.05799E+02  2.00171E+02  1.93722E+02  1.82966E+02  1.90192E+02  1.93136E+02  1.90266E+02
 -2.00000E+20 -2.00000E+20 -2.00000E+20 -2.00000E+20 -2.00000E+20 -2.00000E+20 -2.00000E+20 -2.00000E+20 -2.00000E+20  3.29275E+02  3.26492E+02  3.23293E+02  3.19361E+02  3.16994E+02  3.11429E+02  3.04725E+02  2.97648E+02  2.88326E+02  2.78265E+02  2.71741E+02  2.77670E+02  2.74796E+02  2.70686E+02  2.67133E+02  2.66468E+02  2.62242E+02  2.58533E+02  2.47701E+02  2.37774E+02  2.24899E+02  2.30403E+02  2.23342E+02  2.10901E+02  2.17379E+02  2.16447E+02  2.08920E+02  1.89101E+02  1.76047E+02  1.87593E+02  1.83775E+02
 -2.00000E+20 -2.00000E+20 -2.00000E+20 -2.00000E+20 -2.00000E+20 -2.00000E+20 -2.00000E+20 -2.00000E+20 -2.00000E+20 -2.00000E+20  3.26443E+02  3.22956E+02  3.19039E+02  3.15682E+02  3.11233E+02  3.05914E+02  2.99815E+02  2.85210E+02  2.84961E+02  2.82726E+02  2.82955E+02  2.79673E+02  2.75632E+02  2.70938E+02  2.66739E+02  2.60604E+02  2.53641E+02  2.45050E+02  2.33221E+02  2.33510E+02  2.33304E+02  2.25913E+02  2.10355E+02  2.22060E+02  2.23202E+02  2.21747E+02  2.11006E+02  1.93815E+02  1.74251E+02  1.68892E+02
 -2.00000E+20 -2.00000E+20 -2.00000E+20 -2.00000E+20 -2.00000E+20 -2.00000E+20 -2.00000E+20 -2.00000E+20 -2.00000E+20 -2.00000E+20 -2.00000E+20  3.24091E+02  3.19597E+02  3.16451E+02  3.12616E+02  3.08246E+02  3.03729E+02  2.97473E+02  2.94192E+02  2.91422E+02  2.88717E+02  2.84452E+02  2.79698E+02  2.74831E+02  2.69387E+02  2.60472E+02  2.51080E+02  2.38795E+02  2.32328E+02  2.39888E+02  2.36591E+02  2.29517E+02  2.17862E+02  2.25876E+02  2.26078E+02  2.20686E+02  2.10643E+02  1.89596E+02  1.91479E+02  1.84291E+02
 -2.00000E+20 -2.00000E+20 -2.00000E+20 -2.00000E+20 -2.00000E+20 -2.00000E+20 -2.00000E+20 -2.00000E+20 -2.00000E+20 -2.00000E+20 -2.00000E+20 -2.00000E+20 -2.00000E+20  3.18219E+02  3.14869E+02  3.11305E+02  3.07329E+02  3.03673E+02  2.99966E+02  2.96620E+02  2.93219E+02  2.88438E+02  2.83117E+02  2.77610E+02  2.70816E+02  2.62448E+02  2.51505E+02  2.40457E+02  2.47514E+02  2.42571E+02  2.37113E+02  2.29374E+02  2.27228E+02  2.27873E+02  2.24842E+02  2.18342E+02  2.08447E+02  1.89148E+02  1.97417E+02  1.93708E+02
 -2.00000E+20 -2.00000E+20 -2.00000E+20 -2.00000E+20 -2.00000E+20 -2.00000E+20 -2.00000E+20 -2.00000E+20 -2.00000E+20 -2.00000E+20 -2.00000E+20 -2.00000E+20 -2.00000E+20  3.21444E+02  3.18725E+02  3.14778E+02  3.10617E+02  3.06845E+02  3.03303E+02  3.00101E+02  2.96514E+02  2.90633E+02  2.84900E+02  2.79323E+02  2.72428E+02  2.63869E+02  2.53396E+02  2.50579E+02  2.47378E+02  2.40992E+02  2.35337E+02  2.25335E+02  2.28641E+02  2.26183E+02  2.20955E+02  2.12249E+02  2.01614E+02  2.06002E+02  2.02327E+02  1.99866E+02
 -2.00000E+20 -2.00000E+20 -2.00000E+20 -2.00000E+20 -2.00000E+20 -2.00000E+20 -2.00000E+20 -2.00000E+20 -2.00000E+20 -2.00000E+20 -2.00000E+20 -2.00000E+20 -2.00000E+20 -2.00000E+20  3.21350E+02  3.17865E+02  3.14168E+02  3.09952E+02  3.05386E+02  3.01267E+02  2.97215E+02  2.91568E+02  2.85403E+02  2.79666E+02  2.73627E+02  2.65095E+02  2.55395E+02  2.51680E+02  2.45678E+02  2.34795E+02  2.32374E+02  2.35793E+02  2.29285E+02  2.18611E+02  2.13166E+02  2.12800E+02  2.13260E+02  2.11540E+02  2.06747E+02  2.04376E+02
 -2.00000E+20 -2.00000E+20 -2.00000E+20 -2.00000E+20 -2.00000E+20 -2.00000E+20 -2.00000E+20 -2.00000E+20 -2.00000E+20 -2.00000E+20 -2.00000E+20 -2.00000E+20 -2.00000E+20 -2.00000E+20 -2.00000E+20 -2.00000E+20  3.16038E+02  3.12762E+02  3.08275E+02  3.03189E+02  2.97930E+02  2.92512E+02  2.86378E+02  2.80310E+02  2.74237E+02  2.66599E+02  2.59760E+02  2.53878E+02  2.48971E+02  2.44773E+02  2.38888E+02  2.32525E+02  2.25574E+02  2.28688E+02  2.23837E+02  2.20725E+02  2.15923E+02  2.12773E+02  2.09571E+02  2.07185E+02
 -2.00000E+20 -2.00000E+20 -2.00000E+20 -2.00000E+20 -2.00000E+20 -2.00000E+20 -2.00000E+20 -2.00000E+20 -2.00000E+20 -2.00000E+20 -2.00000E+20 -2.00000E+20 -2.00000E+20 -2.00000E+20 -2.00000E+20 -2.00000E+20 -2.00000E+20  3.14302E+02  3.10624E+02  3.05645E+02  2.99825E+02  2.93301E+02  2.87043E+02  2.80895E+02  2.74397E+02  2.66731E+02  2.60338E+02  2.53557E+02  2.46830E+02  2.45735E+02  2.39462E+02  2.33339E+02  2.33425E+02  2.30789E+02  2.25997E+02  2.22586E+02  2.18689E+02  2.14944E+02  2.12139E+02  2.09152E+02
 -2.00000E+20 -2.00000E+20 -2.00000E+20 -2.00000E+20 -2.00000E+20 -2.00000E+20 -2.00000E+20 -2.00000E+20 -2.00000E+20 -2.00000E+20 -2.00000E+20 -2.00000E+20 -2.00000E+20 -2.00000E+20 -2.00000E+20 -2.00000E+20 -2.00000E+20 -2.00000E+20 -2.00000E+20  3.06101E+02  3.01131E+02  2.94888E+02  2.88100E+02  2.81265E+02  2.74538E+02  2.67320E+02  2.60482E+02  2.51809E+02  2.51314E+02  2.46589E+02  2.41716E+02  2.37650E+02  2.34997E+02  2.31383E+02  2.27693E+02  2.25502E+02  2.21843E+02  2.17517E+02  2.15368E+02 -2.00000E+20
 -2.00000E+20 -2.00000E+20 -2.00000E+20 -2.00000E+20 -2.00000E+20 -2.00000E+20 -2.00000E+20 -2.00000E+20 -2.00000E+20 -2.00000E+20 -2.00000E+20 -2.00000E+20 -2.00000E+20 -2.00000E+20 -2.00000E+20 -2.00000E+20 -2.00000E+20 -2.00000E+20 -2.00000E+20 -2.00000E+20 -2.00000E+20  2.94091E+02  2.88647E+02  2.81558E+02  2.74716E+02  2.67851E+02  2.62096E+02  2.56213E+02  2.52499E+02  2.47695E+02  2.43506E+02  2.40491E+02  2.36883E+02  2.33042E+02  2.29281E+02  2.27266E+02  2.24526E+02  2.20138E+02  2.17001E+02 -2.00000E+20
 
 year:        1986
 layer:           1
  3.81625E+02  3.87986E+02  3.97102E+02  3.95309E+02  3.89746E+02  3.63333E+02  3.46008E+02  3.39725E+02  3.47959E+02  3.57023E+02  3.81110E+02  3.96020E+02  4.04335E+02  3.98599E+02  3.83645E+02  3.58640E+02  3.41232E+02  3.29334E+02  3.22069E+02  3.13716E+02  3.08824E+02  3.01760E+02  2.93612E+02  2.85579E+02  2.81419E+02  2.78164E+02  2.75985E+02 -2.00000E+20 -2.00000E+20 -2.00000E+20 -2.00000E+20 -2.00000E+20 -2.00000E+20 -2.00000E+20 -2.00000E+20 -2.00000E+20 -2.00000E+20 -2.00000E+20 -2.00000E+20 -2.00000E+20
  3.76413E+02  3.81803E+02  3.85913E+02  3.81445E+02  3.85954E+02  3.16826E+02  3.08010E+02  3.14165E+02  3.59211E+02  3.57232E+02  3.84271E+02  3.99229E+02  4.11081E+02  4.00448E+02  3.77152E+02  3.55257E+02  3.41042E+02  3.30672E+02  3.22491E+02  3.12590E+02  3.10966E+02  3.08184E+02  2.98456E+02  2.87846E+02  2.82361E+02  2.78682E+02  2.74237E+02  2.70082E+02  2.67082E+02  2.66261E+02  2.67752E+02  2.68401E+02 -2.00000E+20 -2.00000E+20 -2.00000E+20 -2.00000E+20 -2.00000E+20 -2.00000E+20 -2.00000E+20 -2.00000E+20
  3.69721E+02  3.71941E+02  3.71001E+02  3.35712E+02  3.26314E+02  3.34495E+02  3.33368E+02  3.12038E+02  2.96780E+02  3.02572E+02  4.75519E+02  4.36819E+02  4.69755E+02  4.47990E+02  3.98930E+02  3.53035E+02  3.39462E+02  3.29158E+02  3.12969E+02  3.02901E+02  3.14591E+02  3.09364E+02  3.02648E+02  2.86519E+02  2.81954E+02  2.80172E+02  2.73769E+02  2.70233E+02  2.68307E+02  2.68506E+02  2.69573E+02  2.69407E+02  2.68918E+02 -2.00000E+20 -2.00000E+20 -2.00000E+20 -2.00000E+20 -2.00000E+20 -2.00000E+20 -2.00000E+20
  3.61998E+02  3.62554E+02  3.61748E+02  3.52667E+02  3.44649E+02  3.50675E+02  3.61162E+02  3.51940E+02  3.37709E+02  2.92702E+02  2.75107E+02  2.91242E+02  1.11067E+03  5.28374E+02  4.11869E+02  3.33378E+02  3.25172E+02  3.23354E+02  2.68222E+02  2.65675E+02  3.33873E+02  3.27362E+02  3.03177E+02  2.77146E+02  2.77518E+02  2.75503E+02  2.73441E+02  2.72484E+02  2.71175E+02  2.71916E+02  2.73072E+02  2.71057E+02  2.68258E+02  2.65128E+02 -2.00000E+20 -2.00000E+20 -2.00000E+20 -2.00000E+20 -2.00000E+20 -2.00000E+20
  3.57346E+02  3.57230E+02  3.55012E+02  3.49970E+02  3.46794E+02  3.48497E+02  3.53649E+02  3.58609E+02  4.28645E+02  3.51731E+02  3.37014E+02  2.71561E+02  2.76651E+02  2.56556E+02  2.60791E+02  2.63179E+02  2.74682E+02  2.58368E+02  2.69295E+02  2.53818E+02  2.51512E+02  2.46150E+02  2.35166E+02  2.33011E+02  2.32648E+02  2.38566E+02  2.67762E+02  2.71930E+02  2.74272E+02  2.76662E+02  2.79131E+02  2.73636E+02  2.67912E+02  2.62258E+02  2.55411E+02  2.50283E+02 -2.00000E+20 -2.00000E+20 -2.00000E+20 -2.00000E+20
  3.55561E+02  3.54291E+02  3.52200E+02  3.48910E+02  3.46780E+02  3.48031E+02  3.51884E+02  3.56054E+02  3.62349E+02  3.63893E+02  1.21644E+03  3.17827E+02  3.10624E+02  3.04627E+02  2.84505E+02  2.57581E+02  2.78970E+02  2.86452E+02  2.79172E+02  2.73679E+02  2.69822E+02  2.63516E+02  2.54417E+02  2.39589E+02  2.41687E+02  2.18700E+02  2.71204E+02  2.65855E+02  2.72021E+02  2.77500E+02  2.78624E+02  2.73151E+02  2.67729E+02  2.61392E+02  2.53441E+02  2.46948E+02  2.41075E+02 -2.00000E+20 -2.00000E+20 -2.00000E+20
  3.54450E+02  3.52828E+02  3.50354E+02  3.48246E+02  3.46069E+02  3.46765E+02  3.48967E+02  3.50939E+02  3.55897E+02  3.53658E+02  3.31950E+02  3.16732E+02  3.15733E+02  2.90089E+02  2.75243E+02  3.52379E+02  2.91434E+02  2.87583E+02  2.82395E+02  2.76849E+02  2.70630E+02  2.58515E+02  2.56947E+02  2.59125E+02  2.56381E+02  2.41636E+02  2.24643E+02  2.11334E+02  2.61022E+02  2.67641E+02  2.74459E+02  2.66955E+02  2.67377E+02  2.61862E+02  2.51779E+02  2.44328E+02  2.38071E+02  2.31741E+02 -2.00000E+20 -2.00000E+20
  3.53706E+02  3.51557E+02  3.49165E+02  3.47836E+02  3.46602E+02  3.45743E+02  3.47478E+02  3.47430E+02  3.46002E+02  3.36705E+02  3.09214E+02  2.99973E+02  2.99923E+02  2.72933E+02  2.97026E+02  3.00701E+02  2.93203E+02  2.86548E+02  2.81733E+02  2.76333E+02  2.70091E+02  2.64203E+02  2.65548E+02  2.63440E+02  2.62865E+02  2.63716E+02  2.70046E+02  2.29393E+02  2.08268E+02  2.03631E+02  2.05873E+02  2.49492E+02  2.65346E+02  2.62368E+02  2.46325E+02  2.41543E+02  2.35532E+02  2.28215E+02  2.22525E+02 -2.00000E+20
 -2.00000E+20  3.49762E+02  3.48571E+02  3.47339E+02  3.46733E+02  3.46852E+02  3.47476E+02  3.47492E+02  3.45376E+02  3.39206E+02  3.27618E+02  3.16531E+02  2.95709E+02  3.00508E+02  3.01995E+02  2.99581E+02  2.92216E+02  2.80886E+02  2.78721E+02  2.73699E+02  2.71841E+02  2.70318E+02  2.68232E+02  2.64132E+02  2.60101E+02  2.55588E+02  2.50403E+02  2.43664E+02  2.38254E+02  2.22633E+02  1.96962E+02  2.43440E+02  4.09445E+02  4.33119E+02  2.31049E+02  2.32951E+02  2.29654E+02  2.23337E+02  2.18980E+02  2.15482E+02
 -2.00000E+20 -2.00000E+20 -2.00000E+20  3.46269E+02  3.46409E+02  3.46750E+02  3.47814E+02  3.50891E+02  3.50942E+02  3.45906E+02  3.37929E+02  3.35261E+02  3.37364E+02  3.10963E+02  3.06411E+02  3.00976E+02  2.93143E+02  2.91820E+02  2.84882E+02  2.79630E+02  2.75651E+02  2.72144E+02  2.67596E+02  2.62571E+02  2.57780E+02  2.53783E+02  2.48684E+02  2.39936E+02  2.26454E+02  2.13763E+02  2.14351E+02  1.97567E+02  1.94838E+02  1.88245E+02  1.98850E+02  2.14535E+02  2.18939E+02  2.17343E+02  2.16326E+02  2.12178E+02
 -2.00000E+20 -2.00000E+20 -2.00000E+20 -2.00000E+20  3.46171E+02  3.46148E+02  3.46429E+02  3.50206E+02  3.53525E+02  3.50749E+02  3.42938E+02  3.35198E+02  3.24930E+02  3.14655E+02  3.08798E+02  3.02166E+02  2.94645E+02  2.91180E+02  2.85920E+02  2.80841E+02  2.75828E+02  2.69174E+02  2.61970E+02  2.56621E+02  2.51999E+02  2.47628E+02  2.42233E+02  2.28707E+02  2.23763E+02  2.26559E+02  2.20370E+02  2.14473E+02  2.06777E+02  2.04053E+02  1.88251E+02  1.94539E+02  2.06424E+02  2.09892E+02  2.10031E+02  2.08053E+02
 -2.00000E+20 -2.00000E+20 -2.00000E+20 -2.00000E+20 -2.00000E+20 -2.00000E+20  3.42743E+02  3.43538E+02  3.43705E+02  3.41332E+02  3.34211E+02  3.28146E+02  3.21824E+02  3.15704E+02  3.09639E+02  3.02112E+02  2.93942E+02  2.90477E+02  2.85377E+02  2.81783E+02  2.77368E+02  2.55756E+02  2.46732E+02  2.41315E+02  2.36937E+02  2.38307E+02  2.34685E+02  2.32122E+02  2.32936E+02  2.26201E+02  2.15177E+02  2.20491E+02  2.12427E+02  1.98976E+02  1.98039E+02  1.83763E+02  1.92644E+02  2.02398E+02  2.04696E+02  2.03429E+02
 -2.00000E+20 -2.00000E+20 -2.00000E+20 -2.00000E+20 -2.00000E+20 -2.00000E+20 -2.00000E+20  3.40474E+02  3.39506E+02  3.35499E+02  3.31592E+02  3.24931E+02  3.20189E+02  3.16120E+02  3.10762E+02  3.04237E+02  2.96916E+02  2.89789E+02  2.83583E+02  2.78078E+02  2.64462E+02  2.67495E+02  2.66167E+02  2.63454E+02  2.72073E+02  2.66696E+02  2.61513E+02  2.46488E+02  2.36262E+02  2.23138E+02  2.26484E+02  2.20540E+02  2.09436E+02  2.05808E+02  2.00180E+02  1.93730E+02  1.82975E+02  1.95223E+02  2.00307E+02  1.97759E+02
 -2.00000E+20 -2.00000E+20 -2.00000E+20 -2.00000E+20 -2.00000E+20 -2.00000E+20 -2.00000E+20 -2.00000E+20 -2.00000E+20  3.30303E+02  3.27660E+02  3.23907E+02  3.19276E+02  3.15391E+02  3.10911E+02  3.04772E+02  2.97351E+02  2.88730E+02  2.78272E+02  2.71753E+02  2.82105E+02  2.78428E+02  2.77242E+02  2.75144E+02  2.75354E+02  2.69757E+02  2.64494E+02  2.49398E+02  2.37571E+02  2.24904E+02  2.29052E+02  2.22323E+02  2.10908E+02  2.18844E+02  2.19097E+02  2.11092E+02  1.89112E+02  1.76051E+02  1.93887E+02  1.89909E+02
 -2.00000E+20 -2.00000E+20 -2.00000E+20 -2.00000E+20 -2.00000E+20 -2.00000E+20 -2.00000E+20 -2.00000E+20 -2.00000E+20 -2.00000E+20  3.25161E+02  3.22099E+02  3.18607E+02  3.15166E+02  3.11281E+02  3.06421E+02  3.00544E+02  2.85220E+02  2.84975E+02  2.86816E+02  2.89499E+02  2.88300E+02  2.86483E+02  2.83101E+02  2.78362E+02  2.69634E+02  2.58965E+02  2.45942E+02  2.33228E+02  2.33515E+02  2.32167E+02  2.24466E+02  2.10363E+02  2.23866E+02  2.26669E+02  2.25716E+02  2.14118E+02  1.93851E+02  1.74255E+02  1.68896E+02
 -2.00000E+20 -2.00000E+20 -2.00000E+20 -2.00000E+20 -2.00000E+20 -2.00000E+20 -2.00000E+20 -2.00000E+20 -2.00000E+20 -2.00000E+20 -2.00000E+20  3.21319E+02  3.18394E+02  3.15445E+02  3.12390E+02  3.08766E+02  3.04263E+02  2.98697E+02  2.97957E+02  2.98263E+02  2.97990E+02  2.96169E+02  2.93373E+02  2.89015E+02  2.82765E+02  2.70717E+02  2.56476E+02  2.38805E+02  2.32335E+02  2.38993E+02  2.36418E+02  2.29602E+02  2.17866E+02  2.27894E+02  2.29600E+02  2.24199E+02  2.13325E+02  1.89607E+02  1.92348E+02  1.86192E+02
 -2.00000E+20 -2.00000E+20 -2.00000E+20 -2.00000E+20 -2.00000E+20 -2.00000E+20 -2.00000E+20 -2.00000E+20 -2.00000E+20 -2.00000E+20 -2.00000E+20 -2.00000E+20 -2.00000E+20  3.15604E+02  3.13795E+02  3.11062E+02  3.08045E+02  3.05995E+02  3.04752E+02  3.04623E+02  3.03736E+02  3.01340E+02  2.97683E+02  2.92683E+02  2.84203E+02  2.71995E+02  2.55245E+02  2.40467E+02  2.48485E+02  2.42146E+02  2.37062E+02  2.29383E+02  2.27239E+02  2.29857E+02  2.27337E+02  2.20583E+02  2.10267E+02  1.89161E+02  1.99821E+02  1.97371E+02
 -2.00000E+20 -2.00000E+20 -2.00000E+20 -2.00000E+20 -2.00000E+20 -2.00000E+20 -2.00000E+20 -2.00000E+20 -2.00000E+20 -2.00000E+20 -2.00000E+20 -2.00000E+20 -2.00000E+20  3.16492E+02  3.15175E+02  3.12960E+02  3.10390E+02  3.08556E+02  3.07675E+02  3.07968E+02  3.06766E+02  3.03324E+02  2.99229E+02  2.93635E+02  2.84938E+02  2.71475E+02  2.53415E+02  2.50592E+02  2.48275E+02  2.40436E+02  2.34745E+02  2.25342E+02  2.29684E+02  2.27698E+02  2.22413E+02  2.12261E+02  2.01626E+02  2.07041E+02  2.06115E+02  2.05082E+02
 -2.00000E+20 -2.00000E+20 -2.00000E+20 -2.00000E+20 -2.00000E+20 -2.00000E+20 -2.00000E+20 -2.00000E+20 -2.00000E+20 -2.00000E+20 -2.00000E+20 -2.00000E+20 -2.00000E+20 -2.00000E+20  3.15768E+02  3.13992E+02  3.11774E+02  3.09733E+02  3.07681E+02  3.06418E+02  3.05264E+02  3.02360E+02  2.98150E+02  2.92905E+02  2.85278E+02  2.72328E+02  2.55415E+02  2.52781E+02  2.46959E+02  2.34803E+02  2.32382E+02  2.36462E+02  2.30090E+02  2.18621E+02  2.13176E+02  2.12811E+02  2.15559E+02  2.15531E+02  2.12207E+02  2.10997E+02
 -2.00000E+20 -2.00000E+20 -2.00000E+20 -2.00000E+20 -2.00000E+20 -2.00000E+20 -2.00000E+20 -2.00000E+20 -2.00000E+20 -2.00000E+20 -2.00000E+20 -2.00000E+20 -2.00000E+20 -2.00000E+20 -2.00000E+20 -2.00000E+20  3.11527E+02  3.09612E+02  3.07450E+02  3.04841E+02  3.02111E+02  2.99214E+02  2.95772E+02  2.91359E+02  2.84679E+02  2.74655E+02  2.64122E+02  2.56205E+02  2.48981E+02  2.44783E+02  2.39085E+02  2.32535E+02  2.25584E+02  2.28883E+02  2.25075E+02  2.22414E+02  2.18926E+02  2.17367E+02  2.15616E+02  2.14415E+02
 -2.00000E+20 -2.00000E+20 -2.00000E+20 -2.00000E+20 -2.00000E+20 -2.00000E+20 -2.00000E+20 -2.00000E+20 -2.00000E+20 -2.00000E+20 -2.00000E+20 -2.00000E+20 -2.00000E+20 -2.00000E+20 -2.00000E+20 -2.00000E+20 -2.00000E+20  3.09030E+02  3.06999E+02  3.03517E+02  2.99892E+02  2.96005E+02  2.92467E+02  2.88937E+02  2.83343E+02  2.74640E+02  2.65820E+02  2.55855E+02  2.46839E+02  2.45456E+02  2.39465E+02  2.33348E+02  2.34608E+02  2.32267E+02  2.27383E+02  2.23915E+02  2.21070E+02  2.19078E+02  2.17736E+02  2.16296E+02
 -2.00000E+20 -2.00000E+20 -2.00000E+20 -2.00000E+20 -2.00000E+20 -2.00000E+20 -2.00000E+20 -2.00000E+20 -2.00000E+20 -2.00000E+20 -2.00000E+20 -2.00000E+20 -2.00000E+20 -2.00000E+20 -2.00000E+20 -2.00000E+20 -2.00000E+20 -2.00000E+20 -2.00000E+20  3.01501E+02  2.98287E+02  2.93855E+02  2.90176E+02  2.86434E+02  2.81824E+02  2.74349E+02  2.65076E+02  2.51823E+02  2.51325E+02  2.47224E+02  2.42349E+02  2.38176E+02  2.37182E+02  2.32560E+02  2.28133E+02  2.24910E+02  2.22120E+02  2.20232E+02  2.19438E+02 -2.00000E+20
 -2.00000E+20 -2.00000E+20 -2.00000E+20 -2.00000E+20 -2.00000E+20 -2.00000E+20 -2.00000E+20 -2.00000E+20 -2.00000E+20 -2.00000E+20 -2.00000E+20 -2.00000E+20 -2.00000E+20 -2.00000E+20 -2.00000E+20 -2.00000E+20 -2.00000E+20 -2.00000E+20 -2.00000E+20 -2.00000E+20 -2.00000E+20  2.91185E+02  2.88497E+02  2.85137E+02  2.80449E+02  2.73920E+02  2.66228E+02  2.56506E+02  2.51595E+02  2.47348E+02  2.42973E+02  2.39204E+02  2.36021E+02  2.32522E+02  2.28533E+02  2.25675E+02  2.22954E+02  2.20811E+02  2.20055E+02 -2.00000E+20
 
 year:        1987
 layer:           1
  4.26544E+02  4.31326E+02  4.36284E+02  4.28218E+02  4.16651E+02  3.79562E+02  3.58556E+02  3.54826E+02  3.73088E+02  3.88296E+02  4.23438E+02  4.43244E+02  4.56268E+02  4.52719E+02  4.37034E+02  4.07595E+02  3.84980E+02  3.68674E+02  3.58814E+02  3.47992E+02  3.42286E+02  3.33726E+02  3.23832E+02  3.12717E+02  3.04125E+02  2.96522E+02  2.90836E+02 -2.00000E+20 -2.00000E+20 -2.00000E+20 -2.00000E+20 -2.00000E+20 -2.00000E+20 -2.00000E+20 -2.00000E+20 -2.00000E+20 -2.00000E+20 -2.00000E+20 -2.00000E+20 -2.00000E+20
  4.18690E+02  4.21831E+02  4.20373E+02  4.06436E+02  4.07272E+02  3.16836E+02  3.08019E+02  3.14179E+02  3.79682E+02  3.82323E+02  4.21597E+02  4.44683E+02  4.62918E+02  4.54065E+02  4.28395E+02  4.01558E+02  3.82877E+02  3.68997E+02  3.58042E+02  3.45368E+02  3.44316E+02  3.41818E+02  3.29945E+02  3.14368E+02  3.04570E+02  2.97186E+02  2.89927E+02  2.84974E+02  2.85090E+02  2.86662E+02  2.88026E+02  2.88978E+02 -2.00000E+20 -2.00000E+20 -2.00000E+20 -2.00000E+20 -2.00000E+20 -2.00000E+20 -2.00000E+20 -2.00000E+20
  4.08819E+02  4.07552E+02  3.98615E+02  3.35744E+02  3.26329E+02  3.34508E+02  3.38009E+02  3.12047E+02  2.96787E+02  3.02586E+02  5.08729E+02  4.79350E+02  5.23161E+02  5.02323E+02  4.49061E+02  3.95477E+02  3.78060E+02  3.63854E+02  3.40100E+02  3.26396E+02  3.46367E+02  3.43004E+02  3.34824E+02  3.12297E+02  3.03467E+02  2.98477E+02  2.89975E+02  2.87176E+02  2.87030E+02  2.88108E+02  2.89922E+02  2.90743E+02  2.91393E+02 -2.00000E+20 -2.00000E+20 -2.00000E+20 -2.00000E+20 -2.00000E+20 -2.00000E+20 -2.00000E+20
  3.94894E+02  3.93986E+02  3.89476E+02  3.72731E+02  3.62123E+02  3.70706E+02  3.84839E+02  3.71983E+02  3.47950E+02  2.92708E+02  2.75110E+02  2.91250E+02  1.16244E+03  5.72799E+02  4.50569E+02  3.63556E+02  3.53416E+02  3.49342E+02  2.68236E+02  2.65692E+02  3.66233E+02  3.72883E+02  3.35164E+02  2.99128E+02  2.95562E+02  2.89429E+02  2.88122E+02  2.88814E+02  2.89068E+02  2.91333E+02  2.94016E+02  2.93612E+02  2.92325E+02  2.90794E+02 -2.00000E+20 -2.00000E+20 -2.00000E+20 -2.00000E+20 -2.00000E+20 -2.00000E+20
  3.82633E+02  3.82836E+02  3.80884E+02  3.73290E+02  3.71567E+02  3.75664E+02  3.84249E+02  3.90645E+02  4.64053E+02  3.69424E+02  3.44558E+02  2.71565E+02  2.76655E+02  2.56561E+02  2.60795E+02  2.63188E+02  2.74692E+02  2.58374E+02  2.69298E+02  2.53820E+02  2.51516E+02  2.46155E+02  2.35171E+02  2.33018E+02  2.32653E+02  2.38573E+02  2.79474E+02  2.86961E+02  2.92078E+02  2.96966E+02  3.01095E+02  2.97954E+02  2.93751E+02  2.89681E+02  2.84926E+02  2.81274E+02 -2.00000E+20 -2.00000E+20 -2.00000E+20 -2.00000E+20
  3.73183E+02  3.74577E+02  3.75037E+02  3.73794E+02  3.74778E+02  3.78296E+02  3.85653E+02  3.91282E+02  3.96848E+02  3.93516E+02  1.31302E+03  3.24039E+02  3.15794E+02  3.08042E+02  2.84508E+02  2.57581E+02  2.78972E+02  2.87886E+02  2.80044E+02  2.73884E+02  2.70445E+02  2.64471E+02  2.54421E+02  2.39589E+02  2.41688E+02  2.18704E+02  2.80349E+02  2.78943E+02  2.89241E+02  2.97919E+02  3.00898E+02  2.98241E+02  2.95434E+02  2.90177E+02  2.83554E+02  2.78590E+02  2.74639E+02 -2.00000E+20 -2.00000E+20 -2.00000E+20
  3.66897E+02  3.69020E+02  3.71111E+02  3.72687E+02  3.74777E+02  3.78685E+02  3.83565E+02  3.86558E+02  3.90257E+02  3.80969E+02  3.43411E+02  3.23604E+02  3.21775E+02  2.90095E+02  2.75248E+02  3.55338E+02  2.93137E+02  2.88821E+02  2.82837E+02  2.76919E+02  2.71543E+02  2.58519E+02  2.56952E+02  2.60753E+02  2.59181E+02  2.41641E+02  2.24646E+02  2.11340E+02  2.72836E+02  2.82241E+02  2.93792E+02  2.90709E+02  2.95473E+02  2.91758E+02  2.82138E+02  2.75776E+02  2.71273E+02  2.66352E+02 -2.00000E+20 -2.00000E+20
  3.63935E+02  3.66264E+02  3.68834E+02  3.71514E+02  3.74656E+02  3.77953E+02  3.81793E+02  3.82126E+02  3.78631E+02  3.59164E+02  3.09243E+02  2.99985E+02  2.99929E+02  2.72936E+02  2.98647E+02  3.03203E+02  2.95085E+02  2.88205E+02  2.83105E+02  2.77513E+02  2.70098E+02  2.64208E+02  2.65770E+02  2.63807E+02  2.66975E+02  2.73167E+02  2.78595E+02  2.29398E+02  2.08273E+02  2.03637E+02  2.05885E+02  2.68501E+02  2.94320E+02  2.92106E+02  2.74591E+02  2.71659E+02  2.68246E+02  2.62031E+02  2.56916E+02 -2.00000E+20
 -2.00000E+20  3.65572E+02  3.68132E+02  3.71241E+02  3.74224E+02  3.78348E+02  3.81077E+02  3.81615E+02  3.77518E+02  3.65103E+02  3.43941E+02  3.24305E+02  2.95715E+02  3.00511E+02  3.03101E+02  3.00984E+02  2.94077E+02  2.80892E+02  2.78727E+02  2.73707E+02  2.71846E+02  2.70079E+02  2.67670E+02  2.65324E+02  2.63917E+02  2.59943E+02  2.56677E+02  2.49378E+02  2.41600E+02  2.22633E+02  1.96963E+02  2.59045E+02  4.63521E+02  4.98209E+02  2.51806E+02  2.58939E+02  2.59762E+02  2.56292E+02  2.52455E+02  2.48997E+02
 -2.00000E+20 -2.00000E+20 -2.00000E+20  3.72137E+02  3.74115E+02  3.76908E+02  3.80426E+02  3.84390E+02  3.82906E+02  3.73252E+02  3.58571E+02  3.50025E+02  3.44470E+02  3.12193E+02  3.07054E+02  3.01765E+02  2.93147E+02  2.91824E+02  2.85113E+02  2.79965E+02  2.75984E+02  2.71652E+02  2.67500E+02  2.63119E+02  2.61251E+02  2.59058E+02  2.55041E+02  2.44582E+02  2.26457E+02  2.13767E+02  2.14353E+02  1.97571E+02  1.94840E+02  1.88246E+02  1.98873E+02  2.30682E+02  2.43540E+02  2.47582E+02  2.49177E+02  2.45434E+02
 -2.00000E+20 -2.00000E+20 -2.00000E+20 -2.00000E+20  3.74429E+02  3.75345E+02  3.75641E+02  3.80284E+02  3.83493E+02  3.78436E+02  3.63643E+02  3.49241E+02  3.32968E+02  3.16918E+02  3.09784E+02  3.02458E+02  2.94648E+02  2.91755E+02  2.86905E+02  2.81908E+02  2.76791E+02  2.70902E+02  2.64286E+02  2.57137E+02  2.52763E+02  2.48023E+02  2.43265E+02  2.28710E+02  2.23765E+02  2.28424E+02  2.22596E+02  2.14479E+02  2.06780E+02  2.04057E+02  1.88255E+02  1.94556E+02  2.23066E+02  2.36021E+02  2.40919E+02  2.40126E+02
 -2.00000E+20 -2.00000E+20 -2.00000E+20 -2.00000E+20 -2.00000E+20 -2.00000E+20  3.69309E+02  3.68131E+02  3.67260E+02  3.64472E+02  3.50517E+02  3.39007E+02  3.27986E+02  3.18421E+02  3.11651E+02  3.02121E+02  2.93949E+02  2.91588E+02  2.87185E+02  2.84630E+02  2.79543E+02  2.55757E+02  2.46741E+02  2.41329E+02  2.36944E+02  2.38311E+02  2.34687E+02  2.32129E+02  2.34079E+02  2.30056E+02  2.15183E+02  2.20496E+02  2.12924E+02  1.98979E+02  1.98040E+02  1.83764E+02  1.92667E+02  2.23425E+02  2.33511E+02  2.33881E+02
 -2.00000E+20 -2.00000E+20 -2.00000E+20 -2.00000E+20 -2.00000E+20 -2.00000E+20 -2.00000E+20  3.60068E+02  3.58770E+02  3.51263E+02  3.43794E+02  3.30538E+02  3.24150E+02  3.18722E+02  3.12196E+02  3.05527E+02  2.98148E+02  2.92442E+02  2.86075E+02  2.80663E+02  2.64466E+02  2.67505E+02  2.75230E+02  2.74283E+02  2.85982E+02  2.77709E+02  2.69857E+02  2.50538E+02  2.38330E+02  2.23147E+02  2.26489E+02  2.21135E+02  2.09440E+02  2.05813E+02  2.00185E+02  1.93733E+02  1.82986E+02  2.13954E+02  2.28972E+02  2.28059E+02
 -2.00000E+20 -2.00000E+20 -2.00000E+20 -2.00000E+20 -2.00000E+20 -2.00000E+20 -2.00000E+20 -2.00000E+20 -2.00000E+20  3.40652E+02  3.34563E+02  3.28302E+02  3.21624E+02  3.15929E+02  3.11700E+02  3.06015E+02  2.98526E+02  2.90552E+02  2.78280E+02  2.71767E+02  2.91426E+02  2.90560E+02  2.94445E+02  2.94634E+02  2.94761E+02  2.85875E+02  2.77362E+02  2.56324E+02  2.40859E+02  2.24911E+02  2.29854E+02  2.23016E+02  2.10914E+02  2.21284E+02  2.21743E+02  2.12917E+02  1.89117E+02  1.76064E+02  2.21573E+02  2.11310E+02
 -2.00000E+20 -2.00000E+20 -2.00000E+20 -2.00000E+20 -2.00000E+20 -2.00000E+20 -2.00000E+20 -2.00000E+20 -2.00000E+20 -2.00000E+20  3.26120E+02  3.23034E+02  3.19057E+02  3.15098E+02  3.11120E+02  3.07401E+02  3.01631E+02  2.85230E+02  2.84990E+02  2.94919E+02  3.03015E+02  3.06065E+02  3.10320E+02  3.09572E+02  3.03087E+02  2.89857E+02  2.74225E+02  2.53776E+02  2.33244E+02  2.33522E+02  2.33588E+02  2.25439E+02  2.10373E+02  2.27035E+02  2.30761E+02  2.29447E+02  2.16485E+02  1.93852E+02  1.74259E+02  1.68903E+02
 -2.00000E+20 -2.00000E+20 -2.00000E+20 -2.00000E+20 -2.00000E+20 -2.00000E+20 -2.00000E+20 -2.00000E+20 -2.00000E+20 -2.00000E+20 -2.00000E+20  3.20280E+02  3.17384E+02  3.14496E+02  3.11756E+02  3.09125E+02  3.05213E+02  3.01258E+02  3.04425E+02  3.10433E+02  3.14446E+02  3.17640E+02  3.19204E+02  3.15660E+02  3.08706E+02  2.93058E+02  2.72360E+02  2.38826E+02  2.32343E+02  2.40517E+02  2.39126E+02  2.31774E+02  2.17873E+02  2.31187E+02  2.33850E+02  2.28196E+02  2.16047E+02  1.89613E+02  1.93331E+02  1.86981E+02
 -2.00000E+20 -2.00000E+20 -2.00000E+20 -2.00000E+20 -2.00000E+20 -2.00000E+20 -2.00000E+20 -2.00000E+20 -2.00000E+20 -2.00000E+20 -2.00000E+20 -2.00000E+20 -2.00000E+20  3.13791E+02  3.12310E+02  3.10510E+02  3.08790E+02  3.09801E+02  3.12546E+02  3.17316E+02  3.20693E+02  3.22887E+02  3.22372E+02  3.18282E+02  3.08088E+02  2.91104E+02  2.63816E+02  2.40477E+02  2.49117E+02  2.45041E+02  2.39667E+02  2.29390E+02  2.27246E+02  2.32496E+02  2.30849E+02  2.23781E+02  2.12398E+02  1.89168E+02  2.01039E+02  1.98416E+02
 -2.00000E+20 -2.00000E+20 -2.00000E+20 -2.00000E+20 -2.00000E+20 -2.00000E+20 -2.00000E+20 -2.00000E+20 -2.00000E+20 -2.00000E+20 -2.00000E+20 -2.00000E+20 -2.00000E+20  3.14107E+02  3.13021E+02  3.11514E+02  3.10321E+02  3.10923E+02  3.13917E+02  3.18913E+02  3.22368E+02  3.23271E+02  3.22424E+02  3.17588E+02  3.06395E+02  2.85002E+02  2.53439E+02  2.50600E+02  2.50499E+02  2.43632E+02  2.37306E+02  2.25352E+02  2.31063E+02  2.29745E+02  2.24387E+02  2.12270E+02  2.01633E+02  2.07049E+02  2.06904E+02  2.06001E+02
 -2.00000E+20 -2.00000E+20 -2.00000E+20 -2.00000E+20 -2.00000E+20 -2.00000E+20 -2.00000E+20 -2.00000E+20 -2.00000E+20 -2.00000E+20 -2.00000E+20 -2.00000E+20 -2.00000E+20 -2.00000E+20  3.13171E+02  3.11958E+02  3.10657E+02  3.10338E+02  3.11432E+02  3.14191E+02  3.18070E+02  3.19564E+02  3.18856E+02  3.14592E+02  3.05289E+02  2.85412E+02  2.55445E+02  2.55614E+02  2.49054E+02  2.34814E+02  2.32390E+02  2.36633E+02  2.30995E+02  2.18628E+02  2.13183E+02  2.12818E+02  2.16634E+02  2.17043E+02  2.13336E+02  2.12014E+02
 -2.00000E+20 -2.00000E+20 -2.00000E+20 -2.00000E+20 -2.00000E+20 -2.00000E+20 -2.00000E+20 -2.00000E+20 -2.00000E+20 -2.00000E+20 -2.00000E+20 -2.00000E+20 -2.00000E+20 -2.00000E+20 -2.00000E+20 -2.00000E+20  3.09905E+02  3.08996E+02  3.08821E+02  3.09621E+02  3.10778E+02  3.12368E+02  3.13673E+02  3.11289E+02  3.04102E+02  2.90671E+02  2.73536E+02  2.61870E+02  2.48991E+02  2.44788E+02  2.39903E+02  2.32541E+02  2.25591E+02  2.28891E+02  2.26707E+02  2.24055E+02  2.20372E+02  2.18717E+02  2.16764E+02  2.15449E+02
 -2.00000E+20 -2.00000E+20 -2.00000E+20 -2.00000E+20 -2.00000E+20 -2.00000E+20 -2.00000E+20 -2.00000E+20 -2.00000E+20 -2.00000E+20 -2.00000E+20 -2.00000E+20 -2.00000E+20 -2.00000E+20 -2.00000E+20 -2.00000E+20 -2.00000E+20  3.07766E+02  3.06962E+02  3.05508E+02  3.05455E+02  3.05641E+02  3.06363E+02  3.06616E+02  3.02147E+02  2.91484E+02  2.77804E+02  2.60800E+02  2.46852E+02  2.47297E+02  2.39473E+02  2.33359E+02  2.36299E+02  2.34477E+02  2.30272E+02  2.25792E+02  2.22543E+02  2.20310E+02  2.18831E+02  2.17319E+02
 -2.00000E+20 -2.00000E+20 -2.00000E+20 -2.00000E+20 -2.00000E+20 -2.00000E+20 -2.00000E+20 -2.00000E+20 -2.00000E+20 -2.00000E+20 -2.00000E+20 -2.00000E+20 -2.00000E+20 -2.00000E+20 -2.00000E+20 -2.00000E+20 -2.00000E+20 -2.00000E+20 -2.00000E+20  3.02349E+02  3.01582E+02  3.00983E+02  3.01906E+02  3.01942E+02  2.99659E+02  2.91676E+02  2.77109E+02  2.51855E+02  2.51340E+02  2.50714E+02  2.46277E+02  2.41539E+02  2.40225E+02  2.34667E+02  2.29856E+02  2.26095E+02  2.23194E+02  2.21294E+02  2.20461E+02 -2.00000E+20
 -2.00000E+20 -2.00000E+20 -2.00000E+20 -2.00000E+20 -2.00000E+20 -2.00000E+20 -2.00000E+20 -2.00000E+20 -2.00000E+20 -2.00000E+20 -2.00000E+20 -2.00000E+20 -2.00000E+20 -2.00000E+20 -2.00000E+20 -2.00000E+20 -2.00000E+20 -2.00000E+20 -2.00000E+20 -2.00000E+20 -2.00000E+20  2.97474E+02  2.98920E+02  2.99276E+02  2.97109E+02  2.91404E+02  2.79503E+02  2.64047E+02  2.57252E+02  2.53328E+02  2.48318E+02  2.41918E+02  2.37761E+02  2.33582E+02  2.29208E+02  2.26068E+02  2.23452E+02  2.21694E+02  2.21009E+02 -2.00000E+20
 
 year:        1988
 layer:           1
  3.78714E+02  3.77386E+02  3.73876E+02  3.65432E+02  3.55807E+02  3.38751E+02  3.30175E+02  3.29182E+02  3.33051E+02  3.36040E+02  3.45284E+02  3.52057E+02  3.55965E+02  3.53741E+02  3.47267E+02  3.35671E+02  3.26055E+02  3.18396E+02  3.13529E+02  3.08877E+02  3.07253E+02  3.04563E+02  3.01596E+02  2.98059E+02  2.94157E+02  2.90829E+02  2.89554E+02 -2.00000E+20 -2.00000E+20 -2.00000E+20 -2.00000E+20 -2.00000E+20 -2.00000E+20 -2.00000E+20 -2.00000E+20 -2.00000E+20 -2.00000E+20 -2.00000E+20 -2.00000E+20 -2.00000E+20
  3.77593E+02  3.75466E+02  3.69716E+02  3.58582E+02  3.52520E+02  3.16797E+02  3.07984E+02  3.14136E+02  3.30854E+02  3.31354E+02  3.43314E+02  3.50569E+02  3.55977E+02  3.51978E+02  3.42328E+02  3.32568E+02  3.24464E+02  3.17055E+02  3.10674E+02  3.05299E+02  3.06493E+02  3.04662E+02  3.00167E+02  2.94678E+02  2.90741E+02  2.88339E+02  2.86643E+02  2.85734E+02  2.84402E+02  2.83468E+02  2.83221E+02  2.82798E+02 -2.00000E+20 -2.00000E+20 -2.00000E+20 -2.00000E+20 -2.00000E+20 -2.00000E+20 -2.00000E+20 -2.00000E+20
  3.75090E+02  3.72229E+02  3.64403E+02  3.35686E+02  3.26298E+02  3.34477E+02  3.27038E+02  3.12016E+02  2.96761E+02  3.02537E+02  3.59647E+02  3.55241E+02  3.69199E+02  3.61580E+02  3.44209E+02  3.25789E+02  3.18391E+02  3.10592E+02  2.99574E+02  2.93959E+02  3.02858E+02  3.01142E+02  2.96379E+02  2.87290E+02  2.84150E+02  2.83273E+02  2.82174E+02  2.82290E+02  2.82165E+02  2.82323E+02  2.82204E+02  2.81409E+02  2.80054E+02 -2.00000E+20 -2.00000E+20 -2.00000E+20 -2.00000E+20 -2.00000E+20 -2.00000E+20 -2.00000E+20
  3.73300E+02  3.70617E+02  3.65872E+02  3.56302E+02  3.48049E+02  3.48740E+02  3.46994E+02  3.35427E+02  3.19346E+02  2.92685E+02  2.75093E+02  2.91214E+02  4.97804E+02  3.67708E+02  3.34314E+02  3.08966E+02  3.05716E+02  3.00252E+02  2.68197E+02  2.65652E+02  2.99252E+02  3.00451E+02  2.87111E+02  2.73909E+02  2.73336E+02  2.72626E+02  2.75098E+02  2.77866E+02  2.79092E+02  2.79979E+02  2.80500E+02  2.79358E+02  2.77281E+02  2.74619E+02 -2.00000E+20 -2.00000E+20 -2.00000E+20 -2.00000E+20 -2.00000E+20 -2.00000E+20
  3.72189E+02  3.70190E+02  3.66563E+02  3.61421E+02  3.56670E+02  3.54229E+02  3.52405E+02  3.48859E+02  3.60088E+02  3.24301E+02  3.09895E+02  2.71540E+02  2.76631E+02  2.56533E+02  2.60773E+02  2.63163E+02  2.74659E+02  2.58346E+02  2.69279E+02  2.53800E+02  2.51492E+02  2.46131E+02  2.35149E+02  2.32995E+02  2.32633E+02  2.38555E+02  2.64965E+02  2.70561E+02  2.74133E+02  2.76699E+02  2.78559E+02  2.76914E+02  2.73946E+02  2.70746E+02  2.66309E+02  2.63404E+02 -2.00000E+20 -2.00000E+20 -2.00000E+20 -2.00000E+20
  3.71676E+02  3.70186E+02  3.67594E+02  3.63943E+02  3.60620E+02  3.58073E+02  3.56090E+02  3.52549E+02  3.48843E+02  3.41000E+02  5.10553E+02  3.06992E+02  3.03664E+02  2.95501E+02  2.84483E+02  2.57573E+02  2.78962E+02  2.80948E+02  2.78548E+02  2.72730E+02  2.68616E+02  2.62584E+02  2.54397E+02  2.39580E+02  2.41676E+02  2.18682E+02  2.55957E+02  2.59061E+02  2.65700E+02  2.70081E+02  2.71652E+02  2.70741E+02  2.69628E+02  2.67159E+02  2.62988E+02  2.59657E+02  2.56392E+02 -2.00000E+20 -2.00000E+20 -2.00000E+20
  3.71423E+02  3.70302E+02  3.68321E+02  3.65691E+02  3.62833E+02  3.60295E+02  3.57307E+02  3.53570E+02  3.49279E+02  3.39235E+02  3.20705E+02  3.12876E+02  3.05587E+02  2.90068E+02  2.75223E+02  3.04826E+02  2.90738E+02  2.87167E+02  2.82432E+02  2.76611E+02  2.70219E+02  2.58498E+02  2.56930E+02  2.57816E+02  2.52472E+02  2.41611E+02  2.24624E+02  2.11317E+02  2.46370E+02  2.50989E+02  2.59689E+02  2.61007E+02  2.64632E+02  2.63249E+02  2.58289E+02  2.54845E+02  2.51958E+02  2.47729E+02 -2.00000E+20 -2.00000E+20
  3.71279E+02  3.70328E+02  3.68748E+02  3.66827E+02  3.64490E+02  3.61660E+02  3.58466E+02  3.53724E+02  3.47318E+02  3.33920E+02  3.09188E+02  2.99948E+02  2.99902E+02  2.72915E+02  2.95040E+02  2.99031E+02  2.93367E+02  2.86800E+02  2.82652E+02  2.77224E+02  2.70082E+02  2.64191E+02  2.64440E+02  2.62827E+02  2.58988E+02  2.55875E+02  2.50776E+02  2.29369E+02  2.08245E+02  2.03610E+02  2.05857E+02  2.43780E+02  2.59352E+02  2.59621E+02  2.49603E+02  2.47846E+02  2.46964E+02  2.42402E+02  2.38032E+02 -2.00000E+20
 -2.00000E+20  3.70025E+02  3.69006E+02  3.67288E+02  3.65357E+02  3.63050E+02  3.59794E+02  3.54691E+02  3.47868E+02  3.38028E+02  3.25130E+02  3.13198E+02  2.95687E+02  3.00496E+02  3.01829E+02  2.99626E+02  2.92271E+02  2.80878E+02  2.78713E+02  2.73691E+02  2.71830E+02  2.69209E+02  2.66952E+02  2.63432E+02  2.59978E+02  2.56108E+02  2.49970E+02  2.40224E+02  2.30253E+02  2.22619E+02  1.96955E+02  2.31048E+02  2.90003E+02  2.98152E+02  2.31796E+02  2.36043E+02  2.36279E+02  2.34919E+02  2.32742E+02  2.30229E+02
 -2.00000E+20 -2.00000E+20 -2.00000E+20  3.66851E+02  3.65537E+02  3.63717E+02  3.61191E+02  3.58348E+02  3.52045E+02  3.42452E+02  3.33035E+02  3.27128E+02  3.21397E+02  3.10928E+02  3.06775E+02  3.01317E+02  2.93143E+02  2.91810E+02  2.84735E+02  2.79282E+02  2.74885E+02  2.70898E+02  2.66480E+02  2.62007E+02  2.57216E+02  2.53149E+02  2.46843E+02  2.38413E+02  2.26441E+02  2.13746E+02  2.14336E+02  1.97550E+02  1.94822E+02  1.88234E+02  1.98842E+02  2.16527E+02  2.23415E+02  2.26072E+02  2.27371E+02  2.26295E+02
 -2.00000E+20 -2.00000E+20 -2.00000E+20 -2.00000E+20  3.65152E+02  3.63778E+02  3.61642E+02  3.60743E+02  3.55467E+02  3.47464E+02  3.37567E+02  3.29930E+02  3.22513E+02  3.15900E+02  3.09800E+02  3.02573E+02  2.94636E+02  2.91190E+02  2.85973E+02  2.80671E+02  2.75445E+02  2.68298E+02  2.61201E+02  2.56387E+02  2.51829E+02  2.47346E+02  2.41787E+02  2.28691E+02  2.23753E+02  2.25866E+02  2.20303E+02  2.14461E+02  2.06763E+02  2.04039E+02  1.88239E+02  1.94533E+02  2.09860E+02  2.16849E+02  2.20093E+02  2.21121E+02
 -2.00000E+20 -2.00000E+20 -2.00000E+20 -2.00000E+20 -2.00000E+20 -2.00000E+20  3.60035E+02  3.57408E+02  3.53094E+02  3.46366E+02  3.36176E+02  3.29484E+02  3.23702E+02  3.18020E+02  3.10892E+02  3.02106E+02  2.93934E+02  2.90837E+02  2.85665E+02  2.80293E+02  2.72892E+02  2.55747E+02  2.46717E+02  2.41299E+02  2.36920E+02  2.38298E+02  2.34676E+02  2.32104E+02  2.32832E+02  2.26210E+02  2.15166E+02  2.20481E+02  2.12154E+02  1.98964E+02  1.98032E+02  1.83759E+02  1.92637E+02  2.07581E+02  2.13436E+02  2.15113E+02
 -2.00000E+20 -2.00000E+20 -2.00000E+20 -2.00000E+20 -2.00000E+20 -2.00000E+20 -2.00000E+20  3.55200E+02  3.50926E+02  3.43340E+02  3.36423E+02  3.28993E+02  3.22841E+02  3.17706E+02  3.11984E+02  3.05037E+02  2.97467E+02  2.90016E+02  2.83346E+02  2.76772E+02  2.64452E+02  2.67484E+02  2.65977E+02  2.64052E+02  2.63130E+02  2.57473E+02  2.52366E+02  2.45803E+02  2.37079E+02  2.23130E+02  2.26473E+02  2.20527E+02  2.09426E+02  2.05792E+02  2.00159E+02  1.93716E+02  1.82964E+02  1.98724E+02  2.07130E+02  2.08546E+02
 -2.00000E+20 -2.00000E+20 -2.00000E+20 -2.00000E+20 -2.00000E+20 -2.00000E+20 -2.00000E+20 -2.00000E+20 -2.00000E+20  3.37283E+02  3.32646E+02  3.27427E+02  3.21315E+02  3.16672E+02  3.11672E+02  3.05026E+02  2.97776E+02  2.88761E+02  2.78263E+02  2.71741E+02  2.79001E+02  2.78646E+02  2.75484E+02  2.72221E+02  2.69149E+02  2.64869E+02  2.58554E+02  2.49188E+02  2.38470E+02  2.24895E+02  2.28488E+02  2.22269E+02  2.10897E+02  2.16572E+02  2.12733E+02  2.05093E+02  1.89088E+02  1.76045E+02  1.96768E+02  1.96016E+02
 -2.00000E+20 -2.00000E+20 -2.00000E+20 -2.00000E+20 -2.00000E+20 -2.00000E+20 -2.00000E+20 -2.00000E+20 -2.00000E+20 -2.00000E+20  3.28360E+02  3.23829E+02  3.19320E+02  3.15352E+02  3.11168E+02  3.06158E+02  3.00534E+02  2.85210E+02  2.84963E+02  2.84959E+02  2.86649E+02  2.84672E+02  2.82691E+02  2.78847E+02  2.73334E+02  2.66068E+02  2.58429E+02  2.47229E+02  2.33221E+02  2.33501E+02  2.31949E+02  2.24530E+02  2.10350E+02  2.20750E+02  2.18880E+02  2.15065E+02  2.04328E+02  1.93840E+02  1.74246E+02  1.68892E+02
 -2.00000E+20 -2.00000E+20 -2.00000E+20 -2.00000E+20 -2.00000E+20 -2.00000E+20 -2.00000E+20 -2.00000E+20 -2.00000E+20 -2.00000E+20 -2.00000E+20  3.20732E+02  3.17582E+02  3.14360E+02  3.11170E+02  3.07937E+02  3.04231E+02  2.98617E+02  2.96106E+02  2.94365E+02  2.92762E+02  2.91080E+02  2.87651E+02  2.82882E+02  2.77330E+02  2.67663E+02  2.56115E+02  2.38798E+02  2.32322E+02  2.38240E+02  2.35277E+02  2.28142E+02  2.17855E+02  2.23405E+02  2.21582E+02  2.15994E+02  2.06299E+02  1.89585E+02  1.90507E+02  1.85051E+02
 -2.00000E+20 -2.00000E+20 -2.00000E+20 -2.00000E+20 -2.00000E+20 -2.00000E+20 -2.00000E+20 -2.00000E+20 -2.00000E+20 -2.00000E+20 -2.00000E+20 -2.00000E+20 -2.00000E+20  3.12962E+02  3.11474E+02  3.09460E+02  3.06908E+02  3.04395E+02  3.02034E+02  2.99997E+02  2.97880E+02  2.95049E+02  2.90437E+02  2.85653E+02  2.78014E+02  2.68100E+02  2.54141E+02  2.40454E+02  2.47595E+02  2.42371E+02  2.37027E+02  2.29368E+02  2.27221E+02  2.26462E+02  2.22769E+02  2.15513E+02  2.05174E+02  1.89140E+02  1.97957E+02  1.95821E+02
 -2.00000E+20 -2.00000E+20 -2.00000E+20 -2.00000E+20 -2.00000E+20 -2.00000E+20 -2.00000E+20 -2.00000E+20 -2.00000E+20 -2.00000E+20 -2.00000E+20 -2.00000E+20 -2.00000E+20  3.12828E+02  3.11888E+02  3.10549E+02  3.08963E+02  3.06966E+02  3.05257E+02  3.03318E+02  3.00721E+02  2.97158E+02  2.92604E+02  2.86936E+02  2.78251E+02  2.67058E+02  2.53399E+02  2.50577E+02  2.47399E+02  2.41004E+02  2.35049E+02  2.25329E+02  2.28103E+02  2.24786E+02  2.19596E+02  2.12236E+02  2.01604E+02  2.06919E+02  2.04885E+02  2.03716E+02
 -2.00000E+20 -2.00000E+20 -2.00000E+20 -2.00000E+20 -2.00000E+20 -2.00000E+20 -2.00000E+20 -2.00000E+20 -2.00000E+20 -2.00000E+20 -2.00000E+20 -2.00000E+20 -2.00000E+20 -2.00000E+20  3.11884E+02  3.11028E+02  3.09925E+02  3.08717E+02  3.06675E+02  3.04543E+02  3.02019E+02  2.98327E+02  2.93389E+02  2.87181E+02  2.79486E+02  2.68205E+02  2.55396E+02  2.52444E+02  2.46206E+02  2.34793E+02  2.32368E+02  2.36029E+02  2.28367E+02  2.18602E+02  2.13156E+02  2.12790E+02  2.12279E+02  2.12316E+02  2.10405E+02  2.09555E+02
 -2.00000E+20 -2.00000E+20 -2.00000E+20 -2.00000E+20 -2.00000E+20 -2.00000E+20 -2.00000E+20 -2.00000E+20 -2.00000E+20 -2.00000E+20 -2.00000E+20 -2.00000E+20 -2.00000E+20 -2.00000E+20 -2.00000E+20 -2.00000E+20  3.09766E+02  3.08882E+02  3.07659E+02  3.05392E+02  3.02351E+02  2.98870E+02  2.93994E+02  2.87904E+02  2.80324E+02  2.71201E+02  2.61668E+02  2.54965E+02  2.48971E+02  2.44770E+02  2.38322E+02  2.32521E+02  2.25567E+02  2.28862E+02  2.22893E+02  2.20614E+02  2.17345E+02  2.15851E+02  2.14407E+02  2.13290E+02
 -2.00000E+20 -2.00000E+20 -2.00000E+20 -2.00000E+20 -2.00000E+20 -2.00000E+20 -2.00000E+20 -2.00000E+20 -2.00000E+20 -2.00000E+20 -2.00000E+20 -2.00000E+20 -2.00000E+20 -2.00000E+20 -2.00000E+20 -2.00000E+20 -2.00000E+20  3.08505E+02  3.07653E+02  3.05674E+02  3.02767E+02  2.98718E+02  2.94181E+02  2.88814E+02  2.81350E+02  2.72597E+02  2.63903E+02  2.55011E+02  2.46827E+02  2.45149E+02  2.39462E+02  2.33336E+02  2.33508E+02  2.30811E+02  2.26639E+02  2.23829E+02  2.20862E+02  2.18697E+02  2.17261E+02  2.15543E+02
 -2.00000E+20 -2.00000E+20 -2.00000E+20 -2.00000E+20 -2.00000E+20 -2.00000E+20 -2.00000E+20 -2.00000E+20 -2.00000E+20 -2.00000E+20 -2.00000E+20 -2.00000E+20 -2.00000E+20 -2.00000E+20 -2.00000E+20 -2.00000E+20 -2.00000E+20 -2.00000E+20 -2.00000E+20  3.04823E+02  3.02716E+02  2.98891E+02  2.94315E+02  2.89190E+02  2.82323E+02  2.73819E+02  2.64250E+02  2.51813E+02  2.51312E+02  2.46999E+02  2.42474E+02  2.38617E+02  2.37410E+02  2.32765E+02  2.28544E+02  2.25774E+02  2.23062E+02  2.20727E+02  2.19739E+02 -2.00000E+20
 -2.00000E+20 -2.00000E+20 -2.00000E+20 -2.00000E+20 -2.00000E+20 -2.00000E+20 -2.00000E+20 -2.00000E+20 -2.00000E+20 -2.00000E+20 -2.00000E+20 -2.00000E+20 -2.00000E+20 -2.00000E+20 -2.00000E+20 -2.00000E+20 -2.00000E+20 -2.00000E+20 -2.00000E+20 -2.00000E+20 -2.00000E+20  2.97980E+02  2.94148E+02  2.89015E+02  2.82542E+02  2.74395E+02  2.65730E+02  2.57886E+02  2.52973E+02  2.48381E+02  2.44269E+02  2.40921E+02  2.37813E+02  2.33908E+02  2.29514E+02  2.26577E+02  2.23984E+02  2.21979E+02  2.20799E+02 -2.00000E+20
 
 year:        1989
 layer:           1
  3.64023E+02  3.64492E+02  3.64987E+02  3.60152E+02  3.53701E+02  3.38687E+02  3.28850E+02  3.25435E+02  3.26180E+02  3.26588E+02  3.31374E+02  3.33131E+02  3.33094E+02  3.28853E+02  3.22363E+02  3.12208E+02  3.04389E+02  2.98516E+02  2.95093E+02  2.91762E+02  2.90433E+02  2.88785E+02  2.87043E+02  2.84378E+02  2.81793E+02  2.79321E+02  2.78362E+02 -2.00000E+20 -2.00000E+20 -2.00000E+20 -2.00000E+20 -2.00000E+20 -2.00000E+20 -2.00000E+20 -2.00000E+20 -2.00000E+20 -2.00000E+20 -2.00000E+20 -2.00000E+20 -2.00000E+20
  3.62945E+02  3.62934E+02  3.61171E+02  3.54883E+02  3.52265E+02  3.16796E+02  3.07984E+02  3.14136E+02  3.27717E+02  3.24584E+02  3.31338E+02  3.33376E+02  3.34687E+02  3.28625E+02  3.19528E+02  3.10783E+02  3.04267E+02  2.98738E+02  2.94456E+02  2.90597E+02  2.90774E+02  2.89525E+02  2.85924E+02  2.81303E+02  2.78459E+02  2.76818E+02  2.75516E+02  2.73376E+02  2.70756E+02  2.68351E+02  2.66398E+02  2.64407E+02 -2.00000E+20 -2.00000E+20 -2.00000E+20 -2.00000E+20 -2.00000E+20 -2.00000E+20 -2.00000E+20 -2.00000E+20
  3.61365E+02  3.60215E+02  3.56533E+02  3.35680E+02  3.26296E+02  3.34474E+02  3.27223E+02  3.12017E+02  2.96760E+02  3.02536E+02  3.61017E+02  3.45400E+02  3.54228E+02  3.43721E+02  3.25788E+02  3.08131E+02  3.02205E+02  2.96690E+02  2.89036E+02  2.84765E+02  2.90432E+02  2.87606E+02  2.83900E+02  2.75832E+02  2.73568E+02  2.73061E+02  2.71551E+02  2.70244E+02  2.69068E+02  2.67096E+02  2.64844E+02  2.62106E+02  2.59405E+02 -2.00000E+20 -2.00000E+20 -2.00000E+20 -2.00000E+20 -2.00000E+20 -2.00000E+20 -2.00000E+20
  3.60094E+02  3.58356E+02  3.55529E+02  3.48796E+02  3.41917E+02  3.43358E+02  3.43430E+02  3.33005E+02  3.20047E+02  2.92686E+02  2.75093E+02  2.91215E+02  5.66193E+02  3.64891E+02  3.25260E+02  2.97879E+02  2.95061E+02  2.92251E+02  2.68193E+02  2.65647E+02  2.94204E+02  2.91242E+02  2.78487E+02  2.65787E+02  2.65880E+02  2.65255E+02  2.65715E+02  2.66296E+02  2.65968E+02  2.64465E+02  2.62584E+02  2.59292E+02  2.55873E+02  2.52205E+02 -2.00000E+20 -2.00000E+20 -2.00000E+20 -2.00000E+20 -2.00000E+20 -2.00000E+20
  3.59082E+02  3.57231E+02  3.54403E+02  3.51005E+02  3.47202E+02  3.44869E+02  3.43512E+02  3.41227E+02  3.62015E+02  3.23678E+02  3.11009E+02  2.71539E+02  2.76630E+02  2.56533E+02  2.60773E+02  2.63161E+02  2.74658E+02  2.58346E+02  2.69279E+02  2.53799E+02  2.51492E+02  2.46130E+02  2.35148E+02  2.32994E+02  2.32633E+02  2.38552E+02  2.57960E+02  2.61137E+02  2.61917E+02  2.61618E+02  2.60362E+02  2.56467E+02  2.52435E+02  2.48342E+02  2.43417E+02  2.40256E+02 -2.00000E+20 -2.00000E+20 -2.00000E+20 -2.00000E+20
  3.58273E+02  3.56337E+02  3.53882E+02  3.51048E+02  3.48547E+02  3.46118E+02  3.44523E+02  3.42141E+02  3.40512E+02  3.36024E+02  6.31757E+02  3.05409E+02  3.01618E+02  2.94766E+02  2.84485E+02  2.57574E+02  2.78962E+02  2.80326E+02  2.77036E+02  2.71246E+02  2.66949E+02  2.61164E+02  2.54399E+02  2.39580E+02  2.41677E+02  2.18682E+02  2.52296E+02  2.51851E+02  2.55409E+02  2.56778E+02  2.55496E+02  2.52064E+02  2.49080E+02  2.45493E+02  2.40825E+02  2.37273E+02  2.34165E+02 -2.00000E+20 -2.00000E+20 -2.00000E+20
  3.57459E+02  3.55509E+02  3.53256E+02  3.50983E+02  3.48863E+02  3.46624E+02  3.44462E+02  3.41726E+02  3.39744E+02  3.33727E+02  3.19507E+02  3.10099E+02  3.05330E+02  2.90069E+02  2.75222E+02  3.08768E+02  2.88432E+02  2.84914E+02  2.80494E+02  2.75107E+02  2.69255E+02  2.58498E+02  2.56930E+02  2.56248E+02  2.51969E+02  2.41612E+02  2.24624E+02  2.11315E+02  2.41017E+02  2.43392E+02  2.47641E+02  2.45126E+02  2.45862E+02  2.43003E+02  2.37704E+02  2.33894E+02  2.30742E+02  2.26944E+02 -2.00000E+20 -2.00000E+20
  3.56770E+02  3.54623E+02  3.52583E+02  3.50735E+02  3.48809E+02  3.46676E+02  3.44413E+02  3.41378E+02  3.36898E+02  3.27784E+02  3.09184E+02  2.99947E+02  2.99904E+02  2.72914E+02  2.93413E+02  2.96328E+02  2.91219E+02  2.85440E+02  2.80856E+02  2.75608E+02  2.70081E+02  2.64190E+02  2.63081E+02  2.60794E+02  2.57110E+02  2.53955E+02  2.51128E+02  2.29370E+02  2.08245E+02  2.03608E+02  2.05850E+02  2.32451E+02  2.42423E+02  2.41053E+02  2.32052E+02  2.29596E+02  2.27294E+02  2.22904E+02  2.18966E+02 -2.00000E+20
 -2.00000E+20  3.53244E+02  3.52107E+02  3.50255E+02  3.48568E+02  3.46841E+02  3.44762E+02  3.41593E+02  3.37300E+02  3.30568E+02  3.20903E+02  3.11551E+02  2.95688E+02  3.00493E+02  3.00154E+02  2.97608E+02  2.91299E+02  2.80876E+02  2.78709E+02  2.73689E+02  2.71829E+02  2.68178E+02  2.65423E+02  2.61892E+02  2.57673E+02  2.52814E+02  2.46942E+02  2.38947E+02  2.30475E+02  2.22621E+02  1.96955E+02  2.24544E+02  2.90109E+02  2.99238E+02  2.20408E+02  2.22065E+02  2.20785E+02  2.17705E+02  2.15064E+02  2.12731E+02
 -2.00000E+20 -2.00000E+20 -2.00000E+20  3.49247E+02  3.48165E+02  3.46993E+02  3.45695E+02  3.44519E+02  3.40958E+02  3.34385E+02  3.27398E+02  3.23704E+02  3.21111E+02  3.08724E+02  3.04834E+02  2.99854E+02  2.93141E+02  2.91809E+02  2.84130E+02  2.78115E+02  2.73562E+02  2.69416E+02  2.64806E+02  2.60103E+02  2.55384E+02  2.50557E+02  2.44570E+02  2.37138E+02  2.26443E+02  2.13745E+02  2.14337E+02  1.97550E+02  1.94823E+02  1.88235E+02  1.98831E+02  2.09003E+02  2.12552E+02  2.11919E+02  2.11478E+02  2.10011E+02
 -2.00000E+20 -2.00000E+20 -2.00000E+20 -2.00000E+20  3.47649E+02  3.46996E+02  3.46348E+02  3.46012E+02  3.44116E+02  3.38961E+02  3.31784E+02  3.25953E+02  3.19396E+02  3.12936E+02  3.07731E+02  3.01568E+02  2.94635E+02  2.90474E+02  2.84976E+02  2.79076E+02  2.73922E+02  2.67191E+02  2.60136E+02  2.54914E+02  2.50267E+02  2.45763E+02  2.40261E+02  2.28691E+02  2.23752E+02  2.24308E+02  2.19190E+02  2.14461E+02  2.06764E+02  2.04040E+02  1.88239E+02  1.94527E+02  2.03047E+02  2.05453E+02  2.06040E+02  2.05850E+02
 -2.00000E+20 -2.00000E+20 -2.00000E+20 -2.00000E+20 -2.00000E+20 -2.00000E+20  3.46546E+02  3.44679E+02  3.41729E+02  3.37122E+02  3.29839E+02  3.25079E+02  3.20400E+02  3.15074E+02  3.09188E+02  3.02100E+02  2.93933E+02  2.89689E+02  2.84118E+02  2.79015E+02  2.72581E+02  2.55748E+02  2.46712E+02  2.41294E+02  2.36916E+02  2.38296E+02  2.34676E+02  2.32102E+02  2.31133E+02  2.25127E+02  2.15165E+02  2.20480E+02  2.11774E+02  1.98965E+02  1.98032E+02  1.83759E+02  1.92628E+02  1.98916E+02  2.00818E+02  2.00751E+02
 -2.00000E+20 -2.00000E+20 -2.00000E+20 -2.00000E+20 -2.00000E+20 -2.00000E+20 -2.00000E+20  3.44182E+02  3.40434E+02  3.35245E+02  3.30317E+02  3.24867E+02  3.20178E+02  3.15657E+02  3.10061E+02  3.03521E+02  2.96210E+02  2.89086E+02  2.82658E+02  2.76193E+02  2.64452E+02  2.67481E+02  2.63071E+02  2.59477E+02  2.59227E+02  2.54264E+02  2.49831E+02  2.42629E+02  2.34740E+02  2.23127E+02  2.26473E+02  2.19882E+02  2.09426E+02  2.05790E+02  2.00159E+02  1.93716E+02  1.82962E+02  1.91860E+02  1.95660E+02  1.94695E+02
 -2.00000E+20 -2.00000E+20 -2.00000E+20 -2.00000E+20 -2.00000E+20 -2.00000E+20 -2.00000E+20 -2.00000E+20 -2.00000E+20  3.31783E+02  3.28281E+02  3.23951E+02  3.18944E+02  3.14854E+02  3.09907E+02  3.03604E+02  2.96492E+02  2.87943E+02  2.78262E+02  2.71737E+02  2.75874E+02  2.73857E+02  2.70195E+02  2.66270E+02  2.63375E+02  2.58734E+02  2.53657E+02  2.45416E+02  2.36147E+02  2.24892E+02  2.27059E+02  2.20955E+02  2.10894E+02  2.14109E+02  2.11220E+02  2.04012E+02  1.89088E+02  1.76043E+02  1.88345E+02  1.86680E+02
 -2.00000E+20 -2.00000E+20 -2.00000E+20 -2.00000E+20 -2.00000E+20 -2.00000E+20 -2.00000E+20 -2.00000E+20 -2.00000E+20 -2.00000E+20  3.26186E+02  3.21932E+02  3.17721E+02  3.13886E+02  3.09782E+02  3.04605E+02  2.99027E+02  2.85206E+02  2.84959E+02  2.82343E+02  2.81812E+02  2.78916E+02  2.75459E+02  2.70889E+02  2.65855E+02  2.59648E+02  2.52958E+02  2.43999E+02  2.33216E+02  2.33500E+02  2.30098E+02  2.22951E+02  2.10344E+02  2.17591E+02  2.16527E+02  2.13427E+02  2.04013E+02  1.93840E+02  1.74246E+02  1.68890E+02
 -2.00000E+20 -2.00000E+20 -2.00000E+20 -2.00000E+20 -2.00000E+20 -2.00000E+20 -2.00000E+20 -2.00000E+20 -2.00000E+20 -2.00000E+20 -2.00000E+20  3.20092E+02  3.16790E+02  3.13370E+02  3.09829E+02  3.06243E+02  3.02322E+02  2.96370E+02  2.93150E+02  2.90087E+02  2.87198E+02  2.84129E+02  2.79596E+02  2.74608E+02  2.69451E+02  2.60938E+02  2.51424E+02  2.38793E+02  2.32319E+02  2.36355E+02  2.33349E+02  2.27165E+02  2.17852E+02  2.21028E+02  2.18889E+02  2.13645E+02  2.04820E+02  1.89583E+02  1.88722E+02  1.83932E+02
 -2.00000E+20 -2.00000E+20 -2.00000E+20 -2.00000E+20 -2.00000E+20 -2.00000E+20 -2.00000E+20 -2.00000E+20 -2.00000E+20 -2.00000E+20 -2.00000E+20 -2.00000E+20 -2.00000E+20  3.11965E+02  3.10291E+02  3.08082E+02  3.04826E+02  3.01590E+02  2.98209E+02  2.94964E+02  2.91906E+02  2.87947E+02  2.82620E+02  2.77766E+02  2.70904E+02  2.62677E+02  2.51743E+02  2.40452E+02  2.46469E+02  2.40085E+02  2.34993E+02  2.29365E+02  2.27218E+02  2.23754E+02  2.19575E+02  2.13480E+02  2.04249E+02  1.89137E+02  1.95988E+02  1.94192E+02
 -2.00000E+20 -2.00000E+20 -2.00000E+20 -2.00000E+20 -2.00000E+20 -2.00000E+20 -2.00000E+20 -2.00000E+20 -2.00000E+20 -2.00000E+20 -2.00000E+20 -2.00000E+20 -2.00000E+20  3.11789E+02  3.10678E+02  3.08994E+02  3.06717E+02  3.04223E+02  3.01349E+02  2.98276E+02  2.95024E+02  2.90450E+02  2.85330E+02  2.79832E+02  2.72336E+02  2.63522E+02  2.53393E+02  2.50576E+02  2.46162E+02  2.39262E+02  2.33617E+02  2.25326E+02  2.26691E+02  2.22887E+02  2.17894E+02  2.12234E+02  2.01603E+02  2.06708E+02  2.03739E+02  2.02372E+02
 -2.00000E+20 -2.00000E+20 -2.00000E+20 -2.00000E+20 -2.00000E+20 -2.00000E+20 -2.00000E+20 -2.00000E+20 -2.00000E+20 -2.00000E+20 -2.00000E+20 -2.00000E+20 -2.00000E+20 -2.00000E+20  3.10627E+02  3.09472E+02  3.07844E+02  3.05852E+02  3.03162E+02  3.00134E+02  2.96765E+02  2.92283E+02  2.86864E+02  2.80951E+02  2.74245E+02  2.65115E+02  2.55391E+02  2.51552E+02  2.45596E+02  2.34789E+02  2.32366E+02  2.35843E+02  2.27732E+02  2.18600E+02  2.13155E+02  2.12790E+02  2.11976E+02  2.11499E+02  2.09278E+02  2.08299E+02
 -2.00000E+20 -2.00000E+20 -2.00000E+20 -2.00000E+20 -2.00000E+20 -2.00000E+20 -2.00000E+20 -2.00000E+20 -2.00000E+20 -2.00000E+20 -2.00000E+20 -2.00000E+20 -2.00000E+20 -2.00000E+20 -2.00000E+20 -2.00000E+20  3.07891E+02  3.06396E+02  3.04329E+02  3.01455E+02  2.97844E+02  2.93579E+02  2.88223E+02  2.82252E+02  2.75502E+02  2.67615E+02  2.59950E+02  2.53867E+02  2.48970E+02  2.44770E+02  2.38018E+02  2.32521E+02  2.25564E+02  2.28853E+02  2.22671E+02  2.19573E+02  2.16456E+02  2.14819E+02  2.13256E+02  2.12057E+02
 -2.00000E+20 -2.00000E+20 -2.00000E+20 -2.00000E+20 -2.00000E+20 -2.00000E+20 -2.00000E+20 -2.00000E+20 -2.00000E+20 -2.00000E+20 -2.00000E+20 -2.00000E+20 -2.00000E+20 -2.00000E+20 -2.00000E+20 -2.00000E+20 -2.00000E+20  3.06331E+02  3.04749E+02  3.01976E+02  2.98477E+02  2.94059E+02  2.89010E+02  2.83517E+02  2.76640E+02  2.68775E+02  2.61467E+02  2.53757E+02  2.46825E+02  2.44696E+02  2.39461E+02  2.33333E+02  2.32141E+02  2.30000E+02  2.25862E+02  2.22718E+02  2.19813E+02  2.17641E+02  2.16150E+02  2.14341E+02
 -2.00000E+20 -2.00000E+20 -2.00000E+20 -2.00000E+20 -2.00000E+20 -2.00000E+20 -2.00000E+20 -2.00000E+20 -2.00000E+20 -2.00000E+20 -2.00000E+20 -2.00000E+20 -2.00000E+20 -2.00000E+20 -2.00000E+20 -2.00000E+20 -2.00000E+20 -2.00000E+20 -2.00000E+20  3.01244E+02  2.98364E+02  2.94158E+02  2.89516E+02  2.84063E+02  2.77571E+02  2.69921E+02  2.61869E+02  2.51807E+02  2.51311E+02  2.46484E+02  2.41791E+02  2.37621E+02  2.35359E+02  2.31440E+02  2.27686E+02  2.24850E+02  2.22156E+02  2.19776E+02  2.18758E+02 -2.00000E+20
 -2.00000E+20 -2.00000E+20 -2.00000E+20 -2.00000E+20 -2.00000E+20 -2.00000E+20 -2.00000E+20 -2.00000E+20 -2.00000E+20 -2.00000E+20 -2.00000E+20 -2.00000E+20 -2.00000E+20 -2.00000E+20 -2.00000E+20 -2.00000E+20 -2.00000E+20 -2.00000E+20 -2.00000E+20 -2.00000E+20 -2.00000E+20  2.92686E+02  2.89308E+02  2.83975E+02  2.77851E+02  2.70526E+02  2.63181E+02  2.56061E+02  2.51736E+02  2.47419E+02  2.43206E+02  2.39481E+02  2.36068E+02  2.32588E+02  2.28653E+02  2.25933E+02  2.23419E+02  2.21288E+02  2.19932E+02 -2.00000E+20
 
