 Yearly Averaged Recharge Values for MODFLOW
 
 year:        1985
     29.0247    108.2400    263.3060    223.0495    261.2848    268.8472    276.1935    142.3320     53.6685     31.0408     25.4913      0.0000      0.0000      0.0000      0.0000      0.0000      0.0000      0.0000      0.0000      0.0000      0.0000      0.0000      0.0000      0.0000      0.0000      0.0000      0.0000      0.0000      0.0000      0.0000      0.0000      0.0000      0.0000      0.0000      0.0000      0.0000      0.0000      0.0000      0.0000      0.0000
     17.4781     75.9665    149.6011    228.6968    223.7052    298.1084    273.0923    312.4098    316.6254    235.8027    247.7130    107.0878    194.2465    129.6015     35.5687      1.2192      0.0000      0.0000    160.4516    128.7438    177.0539    178.6964    168.3067      0.0000      0.0000      0.0000      0.0000      0.0000      0.0000      0.0000      0.0000      0.0000      0.0000      0.0000      0.0000      0.0000      0.0000      0.0000      0.0000      0.0000
     23.6898     86.5145    198.5193    189.3595    179.0827    174.4484    242.8076    268.3465    226.5893    328.2019    362.4453    276.2168    301.4624    291.6677    260.9739    128.5445    154.4509    170.1432    143.5087    176.3273    160.8971    117.2012    180.4729     66.8186    125.7762    265.3637      0.0000      0.0000      0.0000      0.0000      0.0000      0.0000      0.0000      0.0000      0.0000      0.0000      0.0000      0.0000      0.0000      0.0000
      0.0000     29.6554    107.2909    134.8315     82.6231    137.3425    187.1960    192.6245    264.1918    167.7231    205.8013    266.2673    347.2256    292.9229    294.1158    163.0081     92.1265    191.2695    298.7699    264.0696    167.5973     92.2372    130.8847     77.7575    216.1522    286.3587    231.2957     81.6082      0.0000      0.0000      0.0000      0.0000      0.0000      0.0000      0.0000      0.0000      0.0000      0.0000      0.0000      0.0000
      0.0000      0.0000     39.8164     22.6178     11.4300     31.3097     40.5577     92.2957    233.0596    229.0327    316.2765    202.2838    172.2734    211.1443    191.1198    202.4847    284.2762    259.9807    239.1786    238.1008    257.1696    277.9652    205.7370    288.3366    325.5932    314.7259    197.4690    256.9366    207.0920    175.6898    251.6435     30.0895      0.0000      0.0000      0.0000      0.0000      0.0000      0.0000      0.0000      0.0000
      0.0000      0.0000      0.0000      0.0000      0.7198     12.2070     17.0358     43.1242    133.9519    167.2573    256.3486    267.0378    240.1246    274.1397    346.7616    160.9204    239.8917    183.6155     32.4077     80.2148    129.8595    112.4497    281.6862    319.4184    295.1944    199.3204    328.6220    195.2551    109.5219    124.8167    245.3872    187.5455     93.4895      0.0000      0.0000      0.0000      0.0000      0.0000      0.0000      0.0000
      0.0000      0.0000      0.0000      0.0000      0.0000      4.3362     35.5571     32.1365     87.8793    138.4618    238.0307    144.3237    223.9048    297.0291    250.6574    306.2917     92.3052     61.4485     16.1877     13.2083     49.5853    257.9308    194.2901    176.7932    170.3321    363.9479    254.1588    291.3105    271.1084    304.9000    306.8236    186.5300    187.6696    195.4412     47.7003      0.0000      0.0000      0.0000      0.0000      0.0000
      0.0000      0.0000      0.0000      0.0000      0.0000      0.0000      9.2895     18.0436     12.3805     89.4868    309.8853    381.3402    306.1720    238.8881    257.2206    195.9821     15.1797      9.7205     14.2935     16.3142     14.5259     95.1653     77.4504      8.0159     79.7715    111.9997    279.1158    347.0522    270.6575    278.5626    234.6566     44.7977    100.7407    181.3259     65.8840    212.9782     26.4377      0.0000      0.0000      0.0000
      0.0000      0.0000      0.0000      0.0000      0.0000      5.5493      0.5473      8.3632     24.6192     43.0457     47.7755    177.3277    398.8347    253.5223     36.4374     26.0298     10.7864      0.3332     15.8845     32.4547     36.4758     29.7677     23.5934      6.6946     18.0730     18.9315     53.4369    143.7470    261.6718    356.6872    173.6317     93.1796    162.0897    175.0920    105.3299    169.9344    263.2116      0.2773      0.0000      0.0000
      0.0000      0.0000      0.0000      0.0000      0.0000      0.0000     25.0081     94.0165     82.0403     91.9212     39.2423     93.7239    333.6283     59.1310     20.4545     12.6171      5.9113      9.1334     11.8201     20.9425     34.8420     24.9824     18.5504     22.0547     18.4945     23.9834     54.4535    127.8566    314.2775    257.2567    263.1485    215.5980    226.5181    208.1335     41.2160     55.6060    146.5114     37.8291    194.8685      0.0000
      0.0000      0.0000      0.0000      0.0000      0.0000      0.0000      0.0000     45.3298    199.9488    143.3791    145.9260    139.7023     43.9600     21.5911     16.0109      5.6523      2.7750     20.5757      4.9048     21.9005     21.5980     68.1891     42.3721     24.2563     36.4185     20.5721     57.9153    268.1966    260.1597    142.9077     37.2628    113.3872    123.1233    159.7982     77.7151    119.2095     14.8681     39.2214     49.6410      0.0000
      0.0000      0.0000      0.0000      0.0000      0.0000      0.0000      0.0000      0.0000      0.0000     34.1765     28.3643     28.3445     24.1079      5.6460     11.7229      7.3410     10.4162     16.2748     18.6074     26.0811    142.1090    187.3425    206.1497    230.2492    222.2810    205.2908    256.6023    258.9245     94.2887     26.2229     63.6715     58.4158     52.4074    192.1794    149.2447     92.9881     94.2879     41.5387     28.1150      0.0000
      0.0000      0.0000      0.0000      0.0000      0.0000      0.0000      0.0000      0.0000      0.0000      0.0000      0.0000      0.0000      0.0000     12.6923     32.2785     20.6558     22.7737      8.5129     18.4536     48.0841    198.3575    157.2717     99.0978    143.5640    220.5233    302.7057    305.6337    212.0051     14.6653      7.7016     83.3762     19.1444     30.4459    158.7842    278.9982    284.8877     94.3507     44.3332     70.8559      4.3125
      0.0000      0.0000      0.0000      0.0000      0.0000      0.0000      0.0000      0.0000      0.0000      0.0000      0.0000      0.0000      0.0000      0.0000      0.0000      9.1825     11.0182     15.9920     10.4775     48.7886    135.1141     77.6419     87.1800     27.4094    189.9244    211.3173    226.7847    152.6443     41.5640     25.9285    114.8821     26.0173     24.2555    237.4377    274.1031    314.3340    280.0870    117.2275     71.9660     49.3357
      0.0000      0.0000      0.0000      0.0000      0.0000      0.0000      0.0000      0.0000      0.0000      0.0000      0.0000      0.0000      0.0000      0.0000      0.0000     18.1604      4.1813      7.6859      4.2874     13.0134    134.8651    101.1403     49.4461     23.5706     53.8810     74.4053     59.2667     38.6031      5.4441    127.7168     60.9422     20.6622     50.0468    257.9248    256.3833    157.7663    250.1066    247.0647    133.0909    155.7489
      0.0000      0.0000      0.0000      0.0000      0.0000      0.0000      0.0000      0.0000      0.0000      0.0000      0.0000      0.0000      0.0000      0.0000      0.0000      2.9803     27.0964     20.2224     31.3954     85.5606    149.9446     21.2746     60.2874    117.3222     58.3075      2.2376      0.0000      0.0000     78.8677    209.5786    171.4328     95.3356    139.1244    266.3278    197.1773    298.3607    337.0010    195.7337    367.4987      0.0000
      0.0000      0.0000      0.0000      0.0000      0.0000      0.0000      0.0000      0.0000      0.0000      0.0000      0.0000      0.0000      0.0000      0.0000      0.0000      0.0000      0.0000     32.5614    162.5333    102.1021     88.1289     71.6251    167.3359     77.1939     94.9426     52.9470     28.7389    118.3118    209.3834     67.6134    108.0227    145.0602    152.2815    247.6426    269.3462    217.9185    273.9742    205.9382    345.2143      0.0000
      0.0000      0.0000      0.0000      0.0000      0.0000      0.0000      0.0000      0.0000      0.0000      0.0000      0.0000      0.0000      0.0000      0.0000      0.0000      0.0000      0.0000      0.0000      0.0000    181.6304    179.0757     93.1301     85.1338     79.8042    125.4296    128.2576     50.3313    147.8780    155.1659     16.4419     56.2975     85.3223    189.9395    258.9416    224.1436    289.3742    213.9901    266.8724      0.0000      0.0000
      0.0000      0.0000      0.0000      0.0000      0.0000      0.0000      0.0000      0.0000      0.0000      0.0000      0.0000      0.0000      0.0000      0.0000      0.0000      0.0000      0.0000      0.0000      0.0000      0.0000     79.1724     43.8273     34.4879     79.9944     94.9782    104.5043    130.3065     31.1370      2.0025     75.0587    118.7042    223.3665    225.5232    190.0718    214.5247    228.4734    344.0708    267.5919      0.0000      0.0000
      0.0000      0.0000      0.0000      0.0000      0.0000      0.0000      0.0000      0.0000      0.0000      0.0000      0.0000      0.0000      0.0000      0.0000      0.0000      0.0000      0.0000      0.0000      0.0000      0.0000      0.0000      0.0000     33.1887     53.5620    116.2661     56.6227    119.1769     65.9648    107.5924    220.6426    152.0160     61.2462    159.4486    254.4058    201.3806    271.8976      0.0000      0.0000      0.0000      0.0000
      0.0000      0.0000      0.0000      0.0000      0.0000      0.0000      0.0000      0.0000      0.0000      0.0000      0.0000      0.0000      0.0000      0.0000      0.0000      0.0000      0.0000      0.0000      0.0000      0.0000      0.0000      0.0000      0.0000      0.8003     73.4718      3.3923     43.8554     66.6821     64.9829     96.8915     10.6174     88.0289    296.5707    151.6503      7.6742      0.0000      0.0000      0.0000      0.0000      0.0000
      0.0000      0.0000      0.0000      0.0000      0.0000      0.0000      0.0000      0.0000      0.0000      0.0000      0.0000      0.0000      0.0000      0.0000      0.0000      0.0000      0.0000      0.0000      0.0000      0.0000      0.0000      0.0000      0.0000      0.0000      7.0019     11.3085     28.2502     36.4737     74.0294     13.5653      7.7079     30.1496     42.3468      0.0000      0.0000      0.0000      0.0000      0.0000      0.0000      0.0000
      0.0000      0.0000      0.0000      0.0000      0.0000      0.0000      0.0000      0.0000      0.0000      0.0000      0.0000      0.0000      0.0000      0.0000      0.0000      0.0000      0.0000      0.0000      0.0000      0.0000      0.0000      0.0000      0.0000      0.0000      0.0000      5.4436     85.9827      2.1481      0.0000      0.0000      0.0000      0.0000      0.0000      0.0000      0.0000      0.0000      0.0000      0.0000      0.0000      0.0000
 
 year:        1986
     32.2892    147.9492    342.6148    271.1829    325.0311    333.1231    346.8793    179.4374     47.8982     29.2984     29.2350      0.0000      0.0000      0.0000      0.0000      0.0000      0.0000      0.0000      0.0000      0.0000      0.0000      0.0000      0.0000      0.0000      0.0000      0.0000      0.0000      0.0000      0.0000      0.0000      0.0000      0.0000      0.0000      0.0000      0.0000      0.0000      0.0000      0.0000      0.0000      0.0000
     14.2703     97.3903    185.5797    286.7003    278.7107    358.1542    333.3343    382.7855    368.2440    267.4658    280.4914    107.6424    210.0587    131.3248     15.9333      1.2408      0.0000      0.0000    152.1563    101.2424    196.2701    187.1804    148.4066      0.0000      0.0000      0.0000      0.0000      0.0000      0.0000      0.0000      0.0000      0.0000      0.0000      0.0000      0.0000      0.0000      0.0000      0.0000      0.0000      0.0000
     45.0413    114.5060    253.0806    245.6092    218.1290    201.1805    301.5135    320.7608    263.3642    383.6972    430.5444    317.3694    345.7247    334.8956    292.2364    133.2504    149.1051    183.5969    158.3971    184.9682    184.2251    116.2938    184.1521     67.5370    123.9362    283.1037      0.0000      0.0000      0.0000      0.0000      0.0000      0.0000      0.0000      0.0000      0.0000      0.0000      0.0000      0.0000      0.0000      0.0000
      0.0000     25.1991    125.8073    164.9613     90.5235    165.5716    239.6694    233.6931    324.8130    197.3715    244.1689    314.6270    410.3239    341.2742    344.3815    190.7033    111.2594    229.6860    359.6316    316.3098    204.9334     99.5006    152.5724     87.0842    238.2247    327.6891    260.0916    160.5807      0.0000      0.0000      0.0000      0.0000      0.0000      0.0000      0.0000      0.0000      0.0000      0.0000      0.0000      0.0000
      0.0000      0.0000     18.0693     11.7168      5.7316     15.9587     32.8549    103.4438    281.8303    275.2236    374.8183    235.1310    198.7246    245.4066    221.9115    244.7782    330.8247    300.7553    279.4408    280.8079    297.8413    321.8648    238.2167    344.1951    388.1012    376.7537    220.1547    285.0192    225.3945    182.2484    438.9680    114.3308      0.0000      0.0000      0.0000      0.0000      0.0000      0.0000      0.0000      0.0000
      0.0000      0.0000      0.0000      0.0000      0.3391      9.5170      8.7373     40.0981    147.2434    194.3908    308.7060    310.6322    279.6040    337.9000    417.1835    183.7964    275.9791    217.8496     30.1460     85.1148    137.8779    125.2078    350.4334    388.0036    363.8871    236.2764    392.8643    216.5572    112.7290    131.9733    273.8390    200.5140     79.8784      0.0000      0.0000      0.0000      0.0000      0.0000      0.0000      0.0000
      0.0000      0.0000      0.0000      0.0000      0.0000      2.2167     31.0073     21.6504    110.1069    167.5816    289.0889    163.0124    273.5924    357.5273    302.4393    362.3554     98.1005     58.4501      8.1034      7.8230     48.8903    318.3366    240.5674    199.7623    194.6697    447.5136    308.1513    350.9685    315.0847    351.8160    353.2579    203.4466    199.5819    203.6926     43.7738      0.0000      0.0000      0.0000      0.0000      0.0000
      0.0000      0.0000      0.0000      0.0000      0.0000      0.0000      7.9675     18.0983     20.8838     97.4397    378.6839    467.8473    391.4496    276.9828    298.4009    220.6330      7.6282      4.9283     12.9402     12.5400      7.3707    106.1520     91.9977      5.8772     87.1369    139.4511    339.9914    415.2874    325.3502    339.2960    276.8394     44.9013     95.3761    203.5182     66.8793    232.8133    155.1646      0.0000      0.0000      0.0000
      0.0000      0.0000      0.0000      0.0000      0.0000     20.7606      0.2657     18.7278     38.7731     37.8172     32.8498    200.9931    487.4438    293.1910     20.0570     15.5379     10.9012      0.6383     12.7622     29.6434     30.0176     20.1073     28.9596     10.1926     24.4470      9.7538     49.3076    161.1454    316.8617    439.6585    205.8423    104.4646    180.8697    192.6832    103.7092    182.6721    274.2190      2.7613      0.0000      0.0000
      0.0000      0.0000      0.0000      0.0000      0.0000      0.0000     15.6347    106.8829    109.0322    129.2901     54.4842    106.8685    405.0870     55.9972     10.6897     24.2424     10.3772      5.1730      6.4835     14.4988     17.2994     12.0008     14.1828     11.2196      9.8052     16.2065     52.0002    135.4999    382.2226    316.1595    313.1483    254.5213    270.8257    243.4056     42.9828     54.5354    167.0594     57.4741    212.0840      0.0000
      0.0000      0.0000      0.0000      0.0000      0.0000      0.0000      0.0000    210.1465    243.0775    182.7319    175.1582    161.7139     37.7799     14.8746     10.4344      7.4738      1.8130     14.6390      3.2828     22.8102     11.4849     65.5998     41.2191     26.0179     30.2125     15.2886     50.6342    315.5119    309.1786    152.7092     41.9335    132.5568    134.7228    183.9711     91.5130    137.6497     36.0713     69.1041     63.8532      0.0000
      0.0000      0.0000      0.0000      0.0000      0.0000      0.0000      0.0000      0.0000      0.0000     14.2296     13.7125     14.1368     10.8992     11.0871     10.4669      8.4684      7.7516     16.4524     23.9152     27.2598    178.2775    224.5573    240.6171    272.6493    262.7694    247.1320    304.0505    302.1489     88.9853     31.8716     73.5900     54.6512     58.6563    235.2858    176.6030    108.2632     97.0326     48.6715     50.2615      0.0000
      0.0000      0.0000      0.0000      0.0000      0.0000      0.0000      0.0000      0.0000      0.0000      0.0000      0.0000      0.0000      0.0000     32.1394     18.6824     25.1906     17.0552     12.6899     36.1800     63.5344    244.4008    164.1929    113.6741    159.1527    252.0460    343.5912    346.9295    238.8952     14.6835     10.0332     88.4904     15.8026     28.5925    182.2549    312.8894    332.9643    108.4862     46.7516     72.4411      5.1667
      0.0000      0.0000      0.0000      0.0000      0.0000      0.0000      0.0000      0.0000      0.0000      0.0000      0.0000      0.0000      0.0000      0.0000      0.0000     17.6640     13.4977     24.2171      9.3125     54.9096    150.6766     96.8229    132.4008     66.7768    207.0340    236.3680    250.7063    157.1242     54.1499     26.2317    119.3121     13.1945     16.4583    261.2625    307.9951    352.4525    319.5847    136.6775     87.5149     54.6602
      0.0000      0.0000      0.0000      0.0000      0.0000      0.0000      0.0000      0.0000      0.0000      0.0000      0.0000      0.0000      0.0000      0.0000      0.0000      8.3653      2.0296      9.5053      4.6059     23.6276    125.6944    133.5267     58.8792     45.6982     75.6441    110.4323     66.7164     42.8543      6.1159    141.0615     70.9249      9.9699     55.3555    266.0152    275.4970    177.5240    281.2604    275.3395    148.6269    176.4267
      0.0000      0.0000      0.0000      0.0000      0.0000      0.0000      0.0000      0.0000      0.0000      0.0000      0.0000      0.0000      0.0000      0.0000      0.0000     24.5806     12.0935     17.7861     25.8733     75.5393    136.6243     25.7275     52.0391    115.1845     60.1703     22.5847      1.5970      0.0000     87.3590    236.9232    183.7520    102.5532    156.5879    267.3430    217.8869    326.6055    369.1863    215.3047    414.4526      0.0000
      0.0000      0.0000      0.0000      0.0000      0.0000      0.0000      0.0000      0.0000      0.0000      0.0000      0.0000      0.0000      0.0000      0.0000      0.0000      0.0000      0.0000     28.8519    138.9857    102.2516     79.4575     64.5214    160.0740     88.4730    107.1472     57.9090     31.9086    134.2184    247.8105    119.9626    138.2715    162.6118    168.0797    293.4816    288.9451    219.5995    294.0854    217.5148    398.9916      0.0000
      0.0000      0.0000      0.0000      0.0000      0.0000      0.0000      0.0000      0.0000      0.0000      0.0000      0.0000      0.0000      0.0000      0.0000      0.0000      0.0000      0.0000      0.0000      0.0000    236.8932    188.8334    106.8023    106.8307     73.1582    155.3277    151.2531     90.9329    174.9764    200.6962     76.1719    109.0044     96.3580    232.7519    283.3976    249.2317    324.2864    232.4863    292.3152      0.0000      0.0000
      0.0000      0.0000      0.0000      0.0000      0.0000      0.0000      0.0000      0.0000      0.0000      0.0000      0.0000      0.0000      0.0000      0.0000      0.0000      0.0000      0.0000      0.0000      0.0000      0.0000    123.0200    104.9878     86.2276    137.7864    122.8719    148.6177    144.2213     91.6001     60.9156     93.5561    141.1286    251.1256    250.6002    205.2722    239.4167    251.2368    382.8876    301.9368      0.0000      0.0000
      0.0000      0.0000      0.0000      0.0000      0.0000      0.0000      0.0000      0.0000      0.0000      0.0000      0.0000      0.0000      0.0000      0.0000      0.0000      0.0000      0.0000      0.0000      0.0000      0.0000      0.0000      0.0000     76.2257    120.3878    157.0072     95.5370    163.6751     83.5826    144.9559    245.2663    195.4472    117.2642    198.6540    293.5812    225.4216    305.4731      0.0000      0.0000      0.0000      0.0000
      0.0000      0.0000      0.0000      0.0000      0.0000      0.0000      0.0000      0.0000      0.0000      0.0000      0.0000      0.0000      0.0000      0.0000      0.0000      0.0000      0.0000      0.0000      0.0000      0.0000      0.0000      0.0000      0.0000     52.0743    122.0627     71.1825     92.5277    111.1379     83.3140    143.1717     72.1045    122.5322    338.4042    198.8406     24.9260      0.0000      0.0000      0.0000      0.0000      0.0000
      0.0000      0.0000      0.0000      0.0000      0.0000      0.0000      0.0000      0.0000      0.0000      0.0000      0.0000      0.0000      0.0000      0.0000      0.0000      0.0000      0.0000      0.0000      0.0000      0.0000      0.0000      0.0000      0.0000      0.5358     75.4688     61.9447     54.2002     70.0259    123.1981     86.5566     45.3874     54.9570    230.5775      0.0000      0.0000      0.0000      0.0000      0.0000      0.0000      0.0000
      0.0000      0.0000      0.0000      0.0000      0.0000      0.0000      0.0000      0.0000      0.0000      0.0000      0.0000      0.0000      0.0000      0.0000      0.0000      0.0000      0.0000      0.0000      0.0000      0.0000      0.0000      0.0000      0.0000      0.0000      0.0000     41.8541    132.4139     58.4770     59.2006     52.8662     49.2132      0.0000      0.0000      0.0000      0.0000      0.0000      0.0000      0.0000      0.0000      0.0000
 
 year:        1987
     98.5053    236.0531    407.4089    348.0385    395.2057    386.9619    400.7977    225.0760    126.9729     94.8121    112.0098      0.0000      0.0000      0.0000      0.0000      0.0000      0.0000      0.0000      0.0000      0.0000      0.0000      0.0000      0.0000      0.0000      0.0000      0.0000      0.0000      0.0000      0.0000      0.0000      0.0000      0.0000      0.0000      0.0000      0.0000      0.0000      0.0000      0.0000      0.0000      0.0000
     47.1504    129.2281    235.8744    345.6397    306.0095    360.9599    336.3564    387.5909    391.8963    299.8938    316.9767    173.4825    265.7635    199.8688    103.1211     59.9973      0.0000      0.0000    228.2287    200.6811    252.3382    249.4265    242.6741      0.0000      0.0000      0.0000      0.0000      0.0000      0.0000      0.0000      0.0000      0.0000      0.0000      0.0000      0.0000      0.0000      0.0000      0.0000      0.0000      0.0000
    174.2626    160.2391    302.9610    298.2363    230.6991    268.4903    366.9118    336.6052    267.1415    386.8294    423.6737    341.2493    359.9920    348.6809    323.5774    186.2765    198.3910    251.6626    211.8325    236.4803    219.5811    162.4925    254.8609    133.6876    193.1940    341.7510      0.0000      0.0000      0.0000      0.0000      0.0000      0.0000      0.0000      0.0000      0.0000      0.0000      0.0000      0.0000      0.0000      0.0000
      0.0000    143.3074    181.9091    216.2171    129.4871    215.5447    277.6949    275.5213    362.6932    199.4068    252.4474    326.6972    412.6742    338.5750    350.4269    227.8212    139.2952    258.6935    374.1394    334.5410    238.3963    175.8438    199.9411    162.7562    289.1250    343.8823    275.6351    166.5712      0.0000      0.0000      0.0000      0.0000      0.0000      0.0000      0.0000      0.0000      0.0000      0.0000      0.0000      0.0000
      0.0000      0.0000    125.0715     62.3369     49.1042     86.9427     94.9908    174.4667    300.0423    298.9700    381.2422    239.5454    208.8085    252.0613    223.2123    254.0326    338.5199    298.6772    276.3167    279.8289    297.1175    318.3104    247.1807    339.3594    385.7605    373.8211    243.2236    320.0161    267.4927    248.3974    453.5943    179.3247      0.0000      0.0000      0.0000      0.0000      0.0000      0.0000      0.0000      0.0000
      0.0000      0.0000      0.0000      0.0000     36.4964     40.3160     57.4088     98.0706    211.8095    245.5248    334.1687    334.9115    331.0137    374.8483    430.6974    183.5703    269.4230    228.6274     81.8235    124.1745    191.6275    183.3560    373.5232    383.2192    381.4945    238.9574    397.5948    247.5454    158.0546    171.4189    300.2296    250.5941    171.9319      0.0000      0.0000      0.0000      0.0000      0.0000      0.0000      0.0000
      0.0000      0.0000      0.0000      0.0000      0.0000     12.1718    100.7091     90.5810    158.1846    213.0966    351.8179    229.0792    327.6449    369.9932    330.5778    368.5516    144.9164    114.8106     68.4542     43.5846     84.5768    333.0112    267.7537    244.6424    250.7136    467.3370    305.0773    339.2425    340.6224    375.1144    365.4288    239.8681    255.6003    268.8079     80.6440      0.0000      0.0000      0.0000      0.0000      0.0000
      0.0000      0.0000      0.0000      0.0000      0.0000      0.0000     28.8559     64.2333    110.3240    157.3277    394.3135    465.2348    426.9266    278.0158    318.6999    261.3297     42.2401     46.7940    138.3056    149.5013    115.0814    172.7231    135.4452     31.2663    121.3717    252.7623    395.8586    425.8334    318.5124    325.0895    279.2921     84.9061    165.2321    219.7114    105.7366    268.1587    239.5120      0.0000      0.0000      0.0000
      0.0000      0.0000      0.0000      0.0000      0.0000     76.8789      9.3053     67.1141    124.8376    100.5102    114.4693    254.1789    477.2604    325.6096    100.8658     72.8197     63.1767     67.5568     93.5109    150.3839    101.4552     75.9872     70.9423     36.3848     81.6443     75.6203    110.5309    232.2785    360.2953    439.8578    198.4639    128.5789    210.0847    230.4106    163.9563    217.0455    338.5126    100.1935      0.0000      0.0000
      0.0000      0.0000      0.0000      0.0000      0.0000      0.0000    101.5058    165.5164    150.3491    184.2793     93.2300    130.8810    403.2693    106.2221     61.0118     94.1190     42.8375     31.4560     41.9664     71.0045     98.0693     70.6517     62.5632     62.5422     54.2477     59.7568    109.5786    205.5900    408.5117    318.7617    325.9502    261.3888    270.2771    248.5502     78.0556    103.0336    225.3303    142.4723    285.5088      0.0000
      0.0000      0.0000      0.0000      0.0000      0.0000      0.0000      0.0000    319.2861    315.2513    253.8859    227.9016    199.3900     87.4548     98.6400     68.3726     33.4120     15.0856     61.9377     27.4408     73.4586     63.1768    136.3580    128.5320     65.3648     94.0052     45.9147    114.2006    324.0677    316.4487    215.6356     97.3934    215.6053    166.3051    212.3127    123.3468    171.1213    133.8384    134.3717    143.0050      0.0000
      0.0000      0.0000      0.0000      0.0000      0.0000      0.0000      0.0000      0.0000      0.0000    105.8673     79.9272     87.5437     81.6262     80.4985     72.0850    100.8475     69.8919     61.6525     75.4055     62.0412    215.9658    241.0482    253.0731    270.6374    260.3584    247.8997    315.5657    325.0526    157.9488    123.6220    111.2385     98.7387     75.4968    273.0518    208.9585    165.5871    133.5725    114.7883    123.3833      0.0000
      0.0000      0.0000      0.0000      0.0000      0.0000      0.0000      0.0000      0.0000      0.0000      0.0000      0.0000      0.0000      0.0000    131.7461    102.2902    117.1490     80.9825     83.9596     88.4044    113.7809    262.0468    206.8817    183.6732    219.8547    286.6473    369.8043    373.0705    271.2138     61.2156    133.2273    130.8718     64.9003     59.7430    203.2670    334.1069    344.5381    239.8487    142.1719    160.8795    247.7729
      0.0000      0.0000      0.0000      0.0000      0.0000      0.0000      0.0000      0.0000      0.0000      0.0000      0.0000      0.0000      0.0000      0.0000      0.0000     31.6120     41.2993     85.8423     57.0182    103.0813    184.9732    169.5851    247.5959    158.9844    270.5729    275.2731    274.1327    214.7131    126.1579     64.6519    176.0705     75.0402     56.4030    293.5482    328.4514    375.7001    334.5577    280.0247    277.8756     94.8341
      0.0000      0.0000      0.0000      0.0000      0.0000      0.0000      0.0000      0.0000      0.0000      0.0000      0.0000      0.0000      0.0000      0.0000      0.0000     51.6324     26.2018     83.0828     40.1889    106.8121    203.0521    175.5541    207.1477    239.1688    198.4765    207.2823    190.7141    159.4613    148.0440    182.4471    130.6297     74.0650    161.5254    325.6949    310.6696    188.7847    299.2195    312.6110    170.2051    270.3397
      0.0000      0.0000      0.0000      0.0000      0.0000      0.0000      0.0000      0.0000      0.0000      0.0000      0.0000      0.0000      0.0000      0.0000      0.0000     72.8103     77.7463     84.0791     88.0722    166.9592    206.1389     98.7048    180.4327    175.9142    139.7847    137.4384    237.1274    145.8596    166.6583    278.7108    254.0760    174.8664    260.2962    334.6126    238.9016    359.7609    406.3973    244.7982    439.5059      0.0000
      0.0000      0.0000      0.0000      0.0000      0.0000      0.0000      0.0000      0.0000      0.0000      0.0000      0.0000      0.0000      0.0000      0.0000      0.0000      0.0000      0.0000     62.1055    203.8143    212.5654    134.6684    123.7570    226.9688    156.2704    197.7601    192.5659     99.0626    198.3490    280.4859    202.8892    208.2621    216.6846    191.4464    331.2924    344.7260    285.0575    332.2146    251.1355    449.2461      0.0000
      0.0000      0.0000      0.0000      0.0000      0.0000      0.0000      0.0000      0.0000      0.0000      0.0000      0.0000      0.0000      0.0000      0.0000      0.0000      0.0000      0.0000      0.0000      0.0000    309.3620    254.7094    172.2520    187.0880    147.9670    260.0989    224.4473    198.8282    234.0248    277.5797    147.8786    171.2005    189.7656    264.0209    333.4470    298.6403    374.3602    290.2221    330.9248      0.0000      0.0000
      0.0000      0.0000      0.0000      0.0000      0.0000      0.0000      0.0000      0.0000      0.0000      0.0000      0.0000      0.0000      0.0000      0.0000      0.0000      0.0000      0.0000      0.0000      0.0000      0.0000    215.3124    152.1122    139.7047    180.5565    192.5526    233.6455    236.4958    150.1262    118.0528    193.0197    213.6957    289.9301    303.7257    254.9200    273.6735    298.1658    418.1917    372.1712      0.0000      0.0000
      0.0000      0.0000      0.0000      0.0000      0.0000      0.0000      0.0000      0.0000      0.0000      0.0000      0.0000      0.0000      0.0000      0.0000      0.0000      0.0000      0.0000      0.0000      0.0000      0.0000      0.0000      0.0000    169.1330    166.0421    201.0243    200.0390    261.0746    207.2339    209.7658    308.4202    243.1702    192.4926    239.9609    329.3052    268.0951    346.0088      0.0000      0.0000      0.0000      0.0000
      0.0000      0.0000      0.0000      0.0000      0.0000      0.0000      0.0000      0.0000      0.0000      0.0000      0.0000      0.0000      0.0000      0.0000      0.0000      0.0000      0.0000      0.0000      0.0000      0.0000      0.0000      0.0000      0.0000    110.5517    172.1725    115.6106    161.7529    173.5305    169.0688    195.5843    121.1724    191.3342    375.6169    245.7075    139.1817      0.0000      0.0000      0.0000      0.0000      0.0000
      0.0000      0.0000      0.0000      0.0000      0.0000      0.0000      0.0000      0.0000      0.0000      0.0000      0.0000      0.0000      0.0000      0.0000      0.0000      0.0000      0.0000      0.0000      0.0000      0.0000      0.0000      0.0000      0.0000     39.3974    127.2778    153.3450    152.8656    222.8115    206.8869    123.4670    116.4283    144.8177    320.5154      0.0000      0.0000      0.0000      0.0000      0.0000      0.0000      0.0000
      0.0000      0.0000      0.0000      0.0000      0.0000      0.0000      0.0000      0.0000      0.0000      0.0000      0.0000      0.0000      0.0000      0.0000      0.0000      0.0000      0.0000      0.0000      0.0000      0.0000      0.0000      0.0000      0.0000      0.0000      0.0000    153.3508    180.1364    109.3201    117.3718     97.4007    103.0483      0.0000      0.0000      0.0000      0.0000      0.0000      0.0000      0.0000      0.0000      0.0000
 
 year:        1988
      0.9494     22.5381     46.7845     39.7954     48.2150     51.3949     56.6994     29.0358      4.5237      0.0000      0.0000      0.0000      0.0000      0.0000      0.0000      0.0000      0.0000      0.0000      0.0000      0.0000      0.0000      0.0000      0.0000      0.0000      0.0000      0.0000      0.0000      0.0000      0.0000      0.0000      0.0000      0.0000      0.0000      0.0000      0.0000      0.0000      0.0000      0.0000      0.0000      0.0000
      0.9198     12.1699     23.9025     38.3922     46.2202     70.2300     59.3685     74.2129     74.5125     50.1462     53.6137     20.4181     41.1299     24.4023      0.0000      0.0114      0.0000      0.0000     45.3194     16.2958     27.2508     31.7609     25.1520      0.0000      0.0000      0.0000      0.0000      0.0000      0.0000      0.0000      0.0000      0.0000      0.0000      0.0000      0.0000      0.0000      0.0000      0.0000      0.0000      0.0000
      0.0150     12.9254     36.9807     34.7978     43.5972     32.6449     44.9537     61.3521     49.4418     70.4191     80.2179     60.5606     66.4128     61.9622     58.7459     24.2868     18.7050     24.9257     15.7010     25.4641     25.7983     10.5164     22.6982      5.1265     26.0149     79.2795      0.0000      0.0000      0.0000      0.0000      0.0000      0.0000      0.0000      0.0000      0.0000      0.0000      0.0000      0.0000      0.0000      0.0000
      0.0000      0.0033     17.4734     23.1527     16.4459     22.8310     31.5033     35.6582     52.5240     34.4042     43.0276     56.8648     76.1315     61.3083     61.4559     28.3923     16.8779     37.2892     62.3998     57.0326     33.8868     13.6246     25.6599     14.1356     49.1863     71.1605     59.8994     74.1092      0.0000      0.0000      0.0000      0.0000      0.0000      0.0000      0.0000      0.0000      0.0000      0.0000      0.0000      0.0000
      0.0000      0.0000      0.0000      0.0000      0.0000      0.1168      2.8737     15.5280     49.6822     49.5865     70.7935     43.7148     31.4860     41.3172     39.9342     42.8257     61.4771     52.3138     53.7547     49.3422     51.8097     51.3920     40.7539     63.1704     73.8114     77.1249     48.1906     62.2064     48.8592     38.8247    189.4797    105.0908      0.0000      0.0000      0.0000      0.0000      0.0000      0.0000      0.0000      0.0000
      0.0000      0.0000      0.0000      0.0000      0.0000      0.0539      0.8657      5.0698     26.4690     34.6041     55.1596     60.3819     50.8355     59.0639     83.5152     30.5797     49.6559     38.9772      4.8037     16.1518     27.2768     20.4488     63.6115     74.2472     70.4245     46.0002     81.3123     46.6442     23.2018     27.8007     59.9087     42.2399     17.2195      0.0000      0.0000      0.0000      0.0000      0.0000      0.0000      0.0000
      0.0000      0.0000      0.0000      0.0000      0.0000      0.0000      0.0000      0.0535     14.2279     26.8333     47.6556     27.3027     42.4956     68.5674     51.4306     64.0173     13.3149      6.9630      1.6335      0.0000      8.6689     63.6302     42.7673     39.9060     34.2579     88.9942     64.2543     75.1300     65.9083     74.5448     76.5863     43.6059     41.9191     47.3467     10.6873      0.0000      0.0000      0.0000      0.0000      0.0000
      0.0000      0.0000      0.0000      0.0000      0.0000      0.0000      0.0000      0.4819      4.7630     13.5137     78.3102     93.8201     63.0537     48.7485     57.3784     43.6349      0.0000      1.4550      8.6199      9.1555      6.9060     26.1913     13.5562      0.0776     16.0163     32.7120     69.0934     85.6117     68.8470     70.3702     57.3361      3.4645     17.4024     44.7650     13.5999     50.7396    216.6262      0.0000      0.0000      0.0000
      0.0000      0.0000      0.0000      0.0000      0.0000      5.5460      0.3727      1.2849      4.3592      3.7559      3.5532     39.8266     95.4180     57.1134      0.3489      0.1142      1.8478      4.8916      6.4621     13.0777      7.3419      2.0216      4.1548      0.0000      0.9080      1.6244      5.6923     25.5747     55.0575     93.1118     39.2126     21.1285     36.2142     40.8963     20.5587     37.4288     47.2710     21.6880      0.0000      0.0000
      0.0000      0.0000      0.0000      0.0000      0.0000      0.0000      0.1827     15.5239     14.1107     13.8778      4.1803     21.6427     80.0927      9.8587      0.0000      2.6511      1.0444      0.0446      0.0000      0.6839      0.0208      0.0000      0.0000      0.0000      0.0000      1.1331      6.2322     24.7890     79.9188     62.3312     65.2159     47.7872     54.3260     46.7474      7.4895      9.2382     19.4927      4.0035     63.6234      0.0000
      0.0000      0.0000      0.0000      0.0000      0.0000      0.0000      0.0000    189.0054     35.3006     25.9415     32.6610     31.7696      5.9259      2.2318      0.7230      0.7498      0.3303      0.0000      0.8296      0.3598      0.1071      7.9320      7.1343      4.1019      5.3290      1.9233      7.0322     63.5674     64.6206     29.7640      2.4965     27.7405     19.9558     33.8191     16.9594     25.9614      9.3014      3.8304      5.1863      0.0000
      0.0000      0.0000      0.0000      0.0000      0.0000      0.0000      0.0000      0.0000      0.0000      0.0000      0.0000      0.0000      0.0000      4.7194      3.1689      5.7218      2.1513      0.4278      0.5971      2.4880     27.8332     41.3014     43.8270     56.0645     50.3172     47.7345     63.3742     65.9300     16.6079      7.6924     15.1178     10.2657     11.7230     35.9258     33.8353     27.7750     17.5643      4.5283      5.0724      0.0000
      0.0000      0.0000      0.0000      0.0000      0.0000      0.0000      0.0000      0.0000      0.0000      0.0000      0.0000      0.0000      0.0000      2.8028      1.3388      4.2306      1.0077      3.7263      1.5239     10.0103     46.5337     30.2335     18.4800     28.0006     52.4399     75.3457     75.6763     51.6567      1.7105     10.4481     18.5180      0.3482      5.1228     39.3333     66.1161     70.6003     36.4223     15.7955     17.1504     94.0785
      0.0000      0.0000      0.0000      0.0000      0.0000      0.0000      0.0000      0.0000      0.0000      0.0000      0.0000      0.0000      0.0000      0.0000      0.0000      0.0000      0.0803      2.0155      1.1504     10.7089     29.8815      4.7436     18.9454      9.9883     41.1813     33.8099     51.5760     22.2112     11.4976      6.3096     22.9581      0.0000      1.8978     55.6902     67.5021     77.1216     68.2009     41.2305     35.2728     18.9205
      0.0000      0.0000      0.0000      0.0000      0.0000      0.0000      0.0000      0.0000      0.0000      0.0000      0.0000      0.0000      0.0000      0.0000      0.0000      0.0000      0.9096      4.3876      0.8566      4.1490      7.1711      2.3183     15.6799     17.3144     11.1573     11.7644     12.9065      8.9384     10.8440     31.1416      8.3721      1.4013     20.2811     45.2927     54.3337     39.0498     61.7426     59.6160     30.4603     48.1677
      0.0000      0.0000      0.0000      0.0000      0.0000      0.0000      0.0000      0.0000      0.0000      0.0000      0.0000      0.0000      0.0000      0.0000      0.0000     28.9721      0.0000      0.8304      5.0912      9.9535     12.4095      4.9439     10.9288     15.0828     16.0318      9.0818     20.4122     12.4865     25.1576     38.5080     29.8543     20.6447     43.0410     34.5573     45.6199     67.4426     76.3558     45.7116     93.2016      0.0000
      0.0000      0.0000      0.0000      0.0000      0.0000      0.0000      0.0000      0.0000      0.0000      0.0000      0.0000      0.0000      0.0000      0.0000      0.0000      0.0000      0.0000      7.8208     27.4963     17.0816      8.2078      7.6492     11.2083      5.6502     20.9477     19.4753      4.2623     20.5550     44.8850     10.6792     20.7630     25.4140     35.5641     13.1713     31.4000     35.3253     57.8227     40.9755    134.0611      0.0000
      0.0000      0.0000      0.0000      0.0000      0.0000      0.0000      0.0000      0.0000      0.0000      0.0000      0.0000      0.0000      0.0000      0.0000      0.0000      0.0000      0.0000      0.0000      0.0000     70.5946     11.4520      8.3142      6.5284      6.6721     11.6104     19.8415     10.2026     37.0624     21.9319      3.9457      8.5136     19.8550     30.3395     38.0886     28.3923     54.8378     48.0779     56.1623      0.0000      0.0000
      0.0000      0.0000      0.0000      0.0000      0.0000      0.0000      0.0000      0.0000      0.0000      0.0000      0.0000      0.0000      0.0000      0.0000      0.0000      0.0000      0.0000      0.0000      0.0000      0.0000     20.0377      2.6656      1.9211      1.7738      6.2597      7.6935     27.8935      5.3923      1.1786     20.3912     32.4981     40.5441     12.1677     38.9732     48.5250     48.9789     74.7077     98.9852      0.0000      0.0000
      0.0000      0.0000      0.0000      0.0000      0.0000      0.0000      0.0000      0.0000      0.0000      0.0000      0.0000      0.0000      0.0000      0.0000      0.0000      0.0000      0.0000      0.0000      0.0000      0.0000      0.0000      0.0000      5.8535      1.6380      2.6760      8.2652     18.4663     18.3146     19.9159     40.8945     20.9821      6.8127     31.9018     41.7630     26.6434     61.0422      0.0000      0.0000      0.0000      0.0000
      0.0000      0.0000      0.0000      0.0000      0.0000      0.0000      0.0000      0.0000      0.0000      0.0000      0.0000      0.0000      0.0000      0.0000      0.0000      0.0000      0.0000      0.0000      0.0000      0.0000      0.0000      0.0000      0.0000      0.0000      1.1887      0.1109      3.7574      4.0994     11.6629      8.7764      0.6425     10.9490     56.2381     15.2831      2.2667      0.0000      0.0000      0.0000      0.0000      0.0000
      0.0000      0.0000      0.0000      0.0000      0.0000      0.0000      0.0000      0.0000      0.0000      0.0000      0.0000      0.0000      0.0000      0.0000      0.0000      0.0000      0.0000      0.0000      0.0000      0.0000      0.0000      0.0000      0.0000     40.6939      1.5610      5.1700      6.2246     12.9885      6.3717      0.1426      0.4601      2.9054    195.2824      0.0000      0.0000      0.0000      0.0000      0.0000      0.0000      0.0000
      0.0000      0.0000      0.0000      0.0000      0.0000      0.0000      0.0000      0.0000      0.0000      0.0000      0.0000      0.0000      0.0000      0.0000      0.0000      0.0000      0.0000      0.0000      0.0000      0.0000      0.0000      0.0000      0.0000      0.0000      0.0000      1.1596      4.4773      0.8071      0.0000      0.0000      0.0000      0.0000      0.0000      0.0000      0.0000      0.0000      0.0000      0.0000      0.0000      0.0000
 
 year:        1989
      0.0000     45.6919    118.2456     93.8274    114.3759    118.6253    123.4438     55.0733      6.5133      0.0000      0.0000      0.0000      0.0000      0.0000      0.0000      0.0000      0.0000      0.0000      0.0000      0.0000      0.0000      0.0000      0.0000      0.0000      0.0000      0.0000      0.0000      0.0000      0.0000      0.0000      0.0000      0.0000      0.0000      0.0000      0.0000      0.0000      0.0000      0.0000      0.0000      0.0000
      1.5175     29.6553     63.3229    101.4440     96.1186    121.8029    108.8901    133.6591    129.7739     84.0218     91.9279     33.7301     67.4644     40.9711      0.0000      0.0000      0.0000      0.0000     47.5310     27.8286     65.4987     55.3683     44.1593      0.0000      0.0000      0.0000      0.0000      0.0000      0.0000      0.0000      0.0000      0.0000      0.0000      0.0000      0.0000      0.0000      0.0000      0.0000      0.0000      0.0000
      0.0000     30.0493     88.3217     84.1454     78.7971     66.7330    106.1189    112.6853     85.4065    122.0162    137.4444    103.7445    110.9030    104.8994     98.6067     39.7654     45.3376     58.8723     49.9779     57.2953     61.1121     34.2353     54.8664     12.1572     39.5589    101.7923      0.0000      0.0000      0.0000      0.0000      0.0000      0.0000      0.0000      0.0000      0.0000      0.0000      0.0000      0.0000      0.0000      0.0000
      0.0000      0.0000     41.9673     56.2070     30.6797     57.2204     81.9547     77.3457    110.8659     60.5083     80.2216    101.5087    133.5845    104.1392    108.0387     57.9384     37.6596     76.4565    116.3053    106.6860     68.6856     29.2466     47.5385     23.6990     79.0615    113.9599     92.1824     56.1250      0.0000      0.0000      0.0000      0.0000      0.0000      0.0000      0.0000      0.0000      0.0000      0.0000      0.0000      0.0000
      0.0000      0.0000      0.0000      0.0000      0.0000      0.2780      7.1243     33.5811     94.7697     93.0877    124.6919     76.1727     53.8316     71.4420     68.6720     78.5936    109.0390     91.0581     89.5143     83.8635     88.7100     91.0665     70.8852    112.9072    127.1313    123.1979     77.1917     99.4684     77.7414     60.7917    152.1105     52.5951      0.0000      0.0000      0.0000      0.0000      0.0000      0.0000      0.0000      0.0000
      0.0000      0.0000      0.0000      0.0000      0.0000      0.0000      0.0000      9.9973     47.3106     67.2292    106.7787    106.1813     95.2716    120.6413    147.9375     51.3215     81.9199     68.2652      7.9084     26.0336     43.5030     34.1197    121.3971    133.2122    132.0014     77.7847    129.3328     74.6094     37.1682     44.5389     95.9521     67.0811     23.3642      0.0000      0.0000      0.0000      0.0000      0.0000      0.0000      0.0000
      0.0000      0.0000      0.0000      0.0000      0.0000      0.0000      0.0000      0.0000     32.0435     58.4061    102.3985     55.4542     96.1666    126.2410    103.2464    113.6325     20.7592     10.9442      0.0000      0.0000     15.0987    115.2704     81.0935     69.4195     66.8796    164.1951    106.7785    117.2086    103.7200    118.7469    122.0918     69.7051     67.1160     69.0344     14.1114      0.0000      0.0000      0.0000      0.0000      0.0000
      0.0000      0.0000      0.0000      0.0000      0.0000      0.0000      0.0000      0.0000      0.0000     31.3117    140.3880    169.3111    136.9374     83.5774     96.1576     75.4460      0.0000      0.0000      0.0000      0.0000      0.0000     36.9598     22.8355      0.1242     29.1049     47.3992    120.8603    148.1474    111.8845    109.2592     92.1511      8.3489     28.4956     71.6963     21.0824     80.7860    136.6978      0.0000      0.0000      0.0000
      0.0000      0.0000      0.0000      0.0000      0.0000      0.0537      0.0000      0.0000      1.3474      8.9819      6.1435     70.3488    173.4780     99.8542      0.5728      0.1962      0.0000      0.0000      2.4698      8.4080      7.4043      3.2358      6.7071      0.0000      0.0792      0.0000     13.5298     53.3814    102.8324    156.4350     64.2323     34.3983     60.0453     66.1881     32.9245     62.4378     87.6646      1.1078      0.0000      0.0000
      0.0000      0.0000      0.0000      0.0000      0.0000      0.0000      0.4661     35.3528     36.0171     37.9484      9.5756     37.4186    143.8626     17.0055      0.0000      0.0000      0.0000      0.0000      0.0000      0.0000      0.0000      0.0000      0.0000      0.0000      0.0000      2.6913     14.8022     44.6317    141.5491    105.9628    110.3955     84.8124     88.6563     71.9153     10.8864     15.2405     46.4408      9.5128     68.5230      0.0000
      0.0000      0.0000      0.0000      0.0000      0.0000      0.0000      0.0000    104.2030     84.3956     61.3203     61.6928     54.3427     10.1486      0.0000      0.0000      0.0000      0.0000      0.0000      0.0000      0.0000      0.1978     18.8136      9.6301      5.5045      7.0515      3.3104     13.1815    105.4642    108.1266     49.0614      4.3150     44.4294     43.9564     51.1322     24.8666     40.7562      4.3351     10.7756     13.8258      0.0000
      0.0000      0.0000      0.0000      0.0000      0.0000      0.0000      0.0000      0.0000      0.0000      0.0000      0.0000      0.0000      0.0000      0.0000      0.0000      0.0000      0.0000      0.0000      0.0000      6.3934     61.1082     72.8163     68.2227     87.5476     74.0058     75.3042    106.0483    105.8472     26.5940      6.1213     25.5195     16.4350     18.7237     79.4868     56.2876     34.2969     29.0810     10.6669      7.9117      0.0000
      0.0000      0.0000      0.0000      0.0000      0.0000      0.0000      0.0000      0.0000      0.0000      0.0000      0.0000      0.0000      0.0000      0.0033      0.0000      0.0000      0.0000      0.0000      0.0000     15.3336     86.2611     49.9513     30.6143     44.0407     85.9759    120.6495    120.7384     82.3907      2.6241      2.6241     28.1849      0.0000      8.8930     63.1646     99.9879    111.9930     35.6170     13.9573     22.7526      1.4864
      0.0000      0.0000      0.0000      0.0000      0.0000      0.0000      0.0000      0.0000      0.0000      0.0000      0.0000      0.0000      0.0000      0.0000      0.0000      0.0000      0.0000      0.0000      0.0000     18.4896     51.9378     17.3677     29.6147      8.2622     68.4994     72.5885     86.2381     48.0331     12.6055      7.4413     36.7114      0.0000      3.0383     89.9672    108.4783    123.5714    109.1963     44.7894     26.9625     18.8015
      0.0000      0.0000      0.0000      0.0000      0.0000      0.0000      0.0000      0.0000      0.0000      0.0000      0.0000      0.0000      0.0000      0.0000      0.0000      0.0000      0.0000      0.0000      0.0000      0.0000     31.5283     28.8223     14.8033      6.8723     15.4675     22.2966     16.0349     10.1834      0.0000     48.1412     14.8015      0.0000     18.5063     85.6132     93.8997     62.5064     98.5349     95.4196     49.8463     61.9225
      0.0000      0.0000      0.0000      0.0000      0.0000      0.0000      0.0000      0.0000      0.0000      0.0000      0.0000      0.0000      0.0000      0.0000      0.0000      4.4672      0.0000      0.0000      6.8025     19.7850     38.9513      4.7899     12.1388     33.6404     19.8048      0.0783      0.0000      0.0000     30.4837     73.8174     57.2530     32.4383     55.2528     81.3341     74.8322    112.7875    127.6613     74.1749    146.6362      0.0000
      0.0000      0.0000      0.0000      0.0000      0.0000      0.0000      0.0000      0.0000      0.0000      0.0000      0.0000      0.0000      0.0000      0.0000      0.0000      0.0000      0.0000      7.8745     42.4376     22.1793     22.5727     17.8898     43.7588     20.4965     32.4981     17.8357      5.2756     40.5473     78.8982     22.4040     38.2312     49.7078     58.3833     77.0826     84.2389     70.5556    100.1891     73.2064    145.7036      0.0000
      0.0000      0.0000      0.0000      0.0000      0.0000      0.0000      0.0000      0.0000      0.0000      0.0000      0.0000      0.0000      0.0000      0.0000      0.0000      0.0000      0.0000      0.0000      0.0000     64.8436     48.2449     23.9532     23.3406     18.9639     35.7862     40.1569     15.6353     57.2395     53.2129      5.0414     18.0018     28.8615     67.3408     86.5352     72.4596    104.5890     78.9730     98.1046      0.0000      0.0000
      0.0000      0.0000      0.0000      0.0000      0.0000      0.0000      0.0000      0.0000      0.0000      0.0000      0.0000      0.0000      0.0000      0.0000      0.0000      0.0000      0.0000      0.0000      0.0000      0.0000     27.5262     12.9339      9.7033     24.0992     25.9766     30.5388     44.3802     10.4406      0.4918     26.5100     46.3146     79.1881     65.5213     68.6729     81.0066     84.3963    129.4918     96.1686      0.0000      0.0000
      0.0000      0.0000      0.0000      0.0000      0.0000      0.0000      0.0000      0.0000      0.0000      0.0000      0.0000      0.0000      0.0000      0.0000      0.0000      0.0000      0.0000      0.0000      0.0000      0.0000      0.0000      0.0000     10.6754     16.3745     34.0416     17.2136     39.7081     20.9882     37.6492     76.4562     50.6757     19.3196     58.6134     90.4266     66.4216     94.7351      0.0000      0.0000      0.0000      0.0000
      0.0000      0.0000      0.0000      0.0000      0.0000      0.0000      0.0000      0.0000      0.0000      0.0000      0.0000      0.0000      0.0000      0.0000      0.0000      0.0000      0.0000      0.0000      0.0000      0.0000      0.0000      0.0000      0.0000      0.0000     21.7628      0.9767     12.8342     19.7818     19.1550     30.4239      2.7965     27.8900    106.9218     46.5570      2.6889      0.0000      0.0000      0.0000      0.0000      0.0000
      0.0000      0.0000      0.0000      0.0000      0.0000      0.0000      0.0000      0.0000      0.0000      0.0000      0.0000      0.0000      0.0000      0.0000      0.0000      0.0000      0.0000      0.0000      0.0000      0.0000      0.0000      0.0000      0.0000     29.2818      2.1502      3.3473      8.0050     11.2159     22.4996      4.1495      1.7331      8.8471     92.0038      0.0000      0.0000      0.0000      0.0000      0.0000      0.0000      0.0000
      0.0000      0.0000      0.0000      0.0000      0.0000      0.0000      0.0000      0.0000      0.0000      0.0000      0.0000      0.0000      0.0000      0.0000      0.0000      0.0000      0.0000      0.0000      0.0000      0.0000      0.0000      0.0000      0.0000      0.0000      0.0000      1.8219     25.8714      0.6395      0.0000      0.0000      0.0000      0.0000      0.0000      0.0000      0.0000      0.0000      0.0000      0.0000      0.0000      0.0000
 
