 Head values for selected MODFLOW cells
  2.64346E+02  2.67372E+02  2.68048E+02
  2.64422E+02  2.67440E+02  2.68121E+02
  2.64431E+02  2.67448E+02  2.68194E+02
  2.64440E+02  2.67470E+02  2.68265E+02
  2.64442E+02  2.67473E+02  2.68335E+02
  2.64442E+02  2.67473E+02  2.68404E+02
  2.64442E+02  2.67473E+02  2.68472E+02
  2.64442E+02  2.67474E+02  2.68539E+02
  2.64442E+02  2.67474E+02  2.68604E+02
  2.64442E+02  2.67474E+02  2.68669E+02
  2.64442E+02  2.67473E+02  2.68733E+02
  2.64442E+02  2.67473E+02  2.68795E+02
  2.64442E+02  2.67473E+02  2.68856E+02
  2.64442E+02  2.67473E+02  2.68917E+02
  2.64442E+02  2.67473E+02  2.69130E+02
  2.64443E+02  2.67473E+02  2.72217E+02
  2.64446E+02  2.67480E+02  2.74070E+02
  2.64444E+02  2.67474E+02  2.75186E+02
  2.64447E+02  2.67480E+02  2.75846E+02
  2.64444E+02  2.67474E+02  2.76232E+02
  2.64447E+02  2.67479E+02  2.76454E+02
  2.64444E+02  2.67474E+02  2.76573E+02
  2.64447E+02  2.67479E+02  2.76631E+02
  2.64444E+02  2.67474E+02  2.76652E+02
  2.64447E+02  2.67479E+02  2.76651E+02
  2.64444E+02  2.67474E+02  2.76636E+02
  2.64447E+02  2.67479E+02  2.76613E+02
  2.64447E+02  2.67480E+02  2.76585E+02
  2.64444E+02  2.67474E+02  2.76553E+02
  2.64447E+02  2.67479E+02  2.76521E+02
  2.64444E+02  2.67474E+02  2.76487E+02
  2.64447E+02  2.67479E+02  2.76454E+02
  2.64444E+02  2.67474E+02  2.76419E+02
  2.64447E+02  2.67479E+02  2.76386E+02
  2.64444E+02  2.67474E+02  2.76351E+02
  2.64447E+02  2.67479E+02  2.76318E+02
  2.64444E+02  2.67473E+02  2.76284E+02
  2.64447E+02  2.67479E+02  2.76252E+02
  2.64444E+02  2.67473E+02  2.76219E+02
  2.64464E+02  2.67497E+02  2.76189E+02
  2.64447E+02  2.67476E+02  2.76156E+02
  2.64448E+02  2.67479E+02  2.76124E+02
  2.64445E+02  2.67473E+02  2.76092E+02
  2.64448E+02  2.67479E+02  2.76061E+02
  2.64445E+02  2.67473E+02  2.76030E+02
  2.64448E+02  2.67479E+02  2.75999E+02
  2.64445E+02  2.67473E+02  2.75969E+02
  2.64448E+02  2.67479E+02  2.75939E+02
  2.64445E+02  2.67473E+02  2.75909E+02
  2.64448E+02  2.67479E+02  2.75880E+02
  2.64445E+02  2.67473E+02  2.75850E+02
  2.64448E+02  2.67479E+02  2.75822E+02
  2.64445E+02  2.67473E+02  2.75793E+02
  2.64466E+02  2.67486E+02  2.81031E+02
  2.64472E+02  2.67500E+02  2.81898E+02
  2.64460E+02  2.67491E+02  2.81136E+02
  2.64453E+02  2.67482E+02  2.79944E+02
  2.64451E+02  2.67480E+02  2.78800E+02
  2.64450E+02  2.67480E+02  2.77871E+02
  2.64449E+02  2.67480E+02  2.77188E+02
  2.64449E+02  2.67480E+02  2.76661E+02
  2.64448E+02  2.67479E+02  2.76277E+02
  2.64448E+02  2.67479E+02  2.76011E+02
  2.64448E+02  2.67479E+02  2.75828E+02
  2.64448E+02  2.67479E+02  2.75700E+02
  2.64448E+02  2.67479E+02  2.75609E+02
  2.64448E+02  2.67479E+02  2.75542E+02
  2.64448E+02  2.67479E+02  2.75490E+02
  2.64448E+02  2.67479E+02  2.75449E+02
  2.64448E+02  2.67479E+02  2.75414E+02
  2.64449E+02  2.67479E+02  2.75384E+02
  2.64449E+02  2.67479E+02  2.75355E+02
  2.64501E+02  2.67510E+02  2.87557E+02
  2.64535E+02  2.67566E+02  2.90122E+02
  2.64504E+02  2.67533E+02  2.90583E+02
  2.64486E+02  2.67516E+02  2.88400E+02
  2.64469E+02  2.67501E+02  2.85529E+02
  2.64460E+02  2.67491E+02  2.82800E+02
  2.64457E+02  2.67488E+02  2.80589E+02
  2.64455E+02  2.67487E+02  2.78957E+02
  2.64451E+02  2.67481E+02  2.77787E+02
  2.64450E+02  2.67480E+02  2.76964E+02
  2.64449E+02  2.67479E+02  2.76390E+02
  2.64449E+02  2.67479E+02  2.75993E+02
  2.64449E+02  2.67479E+02  2.75726E+02
  2.64449E+02  2.67479E+02  2.75549E+02
  2.64449E+02  2.67479E+02  2.75429E+02
  2.64449E+02  2.67479E+02  2.75345E+02
  2.64449E+02  2.67479E+02  2.75285E+02
  2.64449E+02  2.67479E+02  2.75239E+02
  2.64449E+02  2.67479E+02  2.75203E+02
  2.64449E+02  2.67479E+02  2.75172E+02
  2.64449E+02  2.67479E+02  2.75146E+02
  2.64449E+02  2.67479E+02  2.75122E+02
  2.64449E+02  2.67479E+02  2.75099E+02
  2.64449E+02  2.67479E+02  2.75078E+02
  2.64449E+02  2.67479E+02  2.75057E+02
  2.64449E+02  2.67479E+02  2.75037E+02
  2.64449E+02  2.67479E+02  2.75017E+02
  2.64449E+02  2.67479E+02  2.74998E+02
  2.64449E+02  2.67479E+02  2.74978E+02
  2.64449E+02  2.67479E+02  2.74959E+02
  2.64449E+02  2.67479E+02  2.74941E+02
  2.64449E+02  2.67479E+02  2.74922E+02
  2.64449E+02  2.67479E+02  2.74904E+02
  2.64449E+02  2.67479E+02  2.74886E+02
  2.64449E+02  2.67479E+02  2.74867E+02
  2.64449E+02  2.67479E+02  2.74850E+02
  2.64449E+02  2.67479E+02  2.74832E+02
  2.64449E+02  2.67479E+02  2.74814E+02
  2.64449E+02  2.67479E+02  2.74797E+02
  2.64449E+02  2.67479E+02  2.74780E+02
  2.64449E+02  2.67479E+02  2.74762E+02
  2.64449E+02  2.67479E+02  2.74745E+02
  2.64449E+02  2.67479E+02  2.74729E+02
  2.64449E+02  2.67479E+02  2.74712E+02
  2.64449E+02  2.67479E+02  2.74695E+02
  2.64449E+02  2.67479E+02  2.74679E+02
  2.64449E+02  2.67479E+02  2.74663E+02
  2.64449E+02  2.67479E+02  2.74647E+02
  2.64449E+02  2.67479E+02  2.74631E+02
  2.64449E+02  2.67479E+02  2.74615E+02
  2.64449E+02  2.67479E+02  2.74599E+02
  2.64449E+02  2.67479E+02  2.74583E+02
  2.64449E+02  2.67478E+02  2.74568E+02
  2.64449E+02  2.67478E+02  2.74553E+02
  2.64449E+02  2.67478E+02  2.74537E+02
  2.64449E+02  2.67478E+02  2.74522E+02
  2.64449E+02  2.67478E+02  2.74507E+02
  2.64449E+02  2.67478E+02  2.74493E+02
  2.64448E+02  2.67478E+02  2.74478E+02
  2.64448E+02  2.67478E+02  2.74463E+02
  2.64448E+02  2.67478E+02  2.74449E+02
  2.64448E+02  2.67478E+02  2.74435E+02
  2.64448E+02  2.67478E+02  2.74420E+02
  2.64448E+02  2.67478E+02  2.74406E+02
  2.64448E+02  2.67478E+02  2.74392E+02
  2.64448E+02  2.67478E+02  2.74379E+02
  2.64448E+02  2.67478E+02  2.74365E+02
  2.64448E+02  2.67478E+02  2.74351E+02
  2.64448E+02  2.67478E+02  2.74338E+02
  2.64448E+02  2.67478E+02  2.74324E+02
  2.64448E+02  2.67478E+02  2.74311E+02
  2.64448E+02  2.67478E+02  2.74298E+02
  2.64448E+02  2.67478E+02  2.74285E+02
  2.64448E+02  2.67478E+02  2.74272E+02
  2.64448E+02  2.67478E+02  2.74259E+02
  2.64448E+02  2.67478E+02  2.74246E+02
  2.64448E+02  2.67478E+02  2.74233E+02
  2.64448E+02  2.67478E+02  2.74221E+02
  2.64448E+02  2.67478E+02  2.74209E+02
  2.64448E+02  2.67478E+02  2.74196E+02
  2.64448E+02  2.67478E+02  2.74184E+02
  2.64448E+02  2.67478E+02  2.74172E+02
  2.64448E+02  2.67478E+02  2.74160E+02
  2.64448E+02  2.67478E+02  2.74148E+02
  2.64448E+02  2.67478E+02  2.74136E+02
  2.64448E+02  2.67478E+02  2.74124E+02
  2.64448E+02  2.67478E+02  2.74112E+02
  2.64448E+02  2.67478E+02  2.74101E+02
  2.64448E+02  2.67478E+02  2.74089E+02
  2.64448E+02  2.67478E+02  2.74078E+02
  2.64448E+02  2.67478E+02  2.74067E+02
  2.64448E+02  2.67478E+02  2.74057E+02
  2.64448E+02  2.67478E+02  2.74046E+02
  2.64448E+02  2.67478E+02  2.74036E+02
  2.64448E+02  2.67478E+02  2.74026E+02
  2.64448E+02  2.67478E+02  2.74016E+02
  2.64448E+02  2.67478E+02  2.74006E+02
  2.64448E+02  2.67478E+02  2.73996E+02
  2.64448E+02  2.67478E+02  2.73986E+02
  2.64448E+02  2.67478E+02  2.73977E+02
  2.64448E+02  2.67478E+02  2.73967E+02
  2.64448E+02  2.67478E+02  2.73957E+02
  2.64448E+02  2.67478E+02  2.73948E+02
  2.64448E+02  2.67478E+02  2.73939E+02
  2.64448E+02  2.67478E+02  2.73929E+02
  2.64448E+02  2.67478E+02  2.73920E+02
  2.64448E+02  2.67478E+02  2.73911E+02
  2.64448E+02  2.67478E+02  2.73902E+02
  2.64448E+02  2.67478E+02  2.73893E+02
  2.64448E+02  2.67478E+02  2.73884E+02
  2.64448E+02  2.67478E+02  2.73875E+02
  2.64448E+02  2.67478E+02  2.73866E+02
  2.64448E+02  2.67478E+02  2.73857E+02
  2.64448E+02  2.67478E+02  2.73849E+02
  2.64448E+02  2.67478E+02  2.73840E+02
  2.64448E+02  2.67478E+02  2.73831E+02
  2.64448E+02  2.67478E+02  2.73823E+02
  2.64448E+02  2.67478E+02  2.73815E+02
  2.64448E+02  2.67478E+02  2.73806E+02
  2.64448E+02  2.67478E+02  2.73798E+02
  2.64448E+02  2.67478E+02  2.73790E+02
  2.64448E+02  2.67478E+02  2.73782E+02
  2.64448E+02  2.67478E+02  2.73774E+02
  2.64448E+02  2.67478E+02  2.73766E+02
  2.64448E+02  2.67478E+02  2.73758E+02
  2.64448E+02  2.67478E+02  2.73750E+02
  2.64448E+02  2.67478E+02  2.73742E+02
  2.64448E+02  2.67478E+02  2.73734E+02
  2.64448E+02  2.67478E+02  2.73726E+02
  2.64448E+02  2.67478E+02  2.73719E+02
  2.64448E+02  2.67478E+02  2.73711E+02
  2.64448E+02  2.67478E+02  2.73704E+02
  2.64448E+02  2.67478E+02  2.73696E+02
  2.64448E+02  2.67478E+02  2.73689E+02
  2.64448E+02  2.67478E+02  2.73681E+02
  2.64448E+02  2.67478E+02  2.73674E+02
  2.64448E+02  2.67478E+02  2.73667E+02
  2.64448E+02  2.67478E+02  2.73659E+02
  2.64448E+02  2.67478E+02  2.73652E+02
  2.64448E+02  2.67478E+02  2.73645E+02
  2.64448E+02  2.67478E+02  2.73638E+02
  2.64448E+02  2.67478E+02  2.73631E+02
  2.64448E+02  2.67478E+02  2.73624E+02
  2.64448E+02  2.67478E+02  2.73617E+02
  2.64448E+02  2.67478E+02  2.73610E+02
  2.64448E+02  2.67478E+02  2.73604E+02
  2.64445E+02  2.67471E+02  2.73596E+02
  2.64448E+02  2.67477E+02  2.73589E+02
  2.64445E+02  2.67471E+02  2.73582E+02
  2.64448E+02  2.67477E+02  2.73576E+02
  2.64445E+02  2.67471E+02  2.73569E+02
  2.64448E+02  2.67477E+02  2.73563E+02
  2.64445E+02  2.67471E+02  2.73556E+02
  2.64448E+02  2.67477E+02  2.73550E+02
  2.64445E+02  2.67471E+02  2.73543E+02
  2.64448E+02  2.67477E+02  2.73537E+02
  2.64445E+02  2.67471E+02  2.73530E+02
  2.64448E+02  2.67477E+02  2.73524E+02
  2.64445E+02  2.67471E+02  2.73518E+02
  2.64448E+02  2.67477E+02  2.73512E+02
  2.64445E+02  2.67471E+02  2.73506E+02
  2.64448E+02  2.67477E+02  2.73500E+02
  2.64445E+02  2.67471E+02  2.73494E+02
  2.64448E+02  2.67477E+02  2.73488E+02
  2.64445E+02  2.67471E+02  2.73482E+02
  2.64448E+02  2.67477E+02  2.73476E+02
  2.64445E+02  2.67471E+02  2.73470E+02
  2.64448E+02  2.67477E+02  2.73465E+02
  2.64445E+02  2.67471E+02  2.73459E+02
  2.64448E+02  2.67476E+02  2.73454E+02
  2.64445E+02  2.67471E+02  2.73449E+02
  2.64448E+02  2.67476E+02  2.73444E+02
  2.64445E+02  2.67471E+02  2.73438E+02
  2.64448E+02  2.67476E+02  2.73433E+02
  2.64445E+02  2.67471E+02  2.73428E+02
  2.64448E+02  2.67476E+02  2.73423E+02
  2.64445E+02  2.67471E+02  2.73418E+02
  2.64448E+02  2.67476E+02  2.73413E+02
  2.64445E+02  2.67471E+02  2.73408E+02
  2.64448E+02  2.67476E+02  2.73403E+02
  2.64445E+02  2.67471E+02  2.73398E+02
  2.64448E+02  2.67476E+02  2.73393E+02
  2.64445E+02  2.67471E+02  2.73388E+02
  2.64448E+02  2.67476E+02  2.73384E+02
  2.64445E+02  2.67471E+02  2.73379E+02
  2.64448E+02  2.67476E+02  2.73374E+02
  2.64445E+02  2.67471E+02  2.73369E+02
  2.64448E+02  2.67476E+02  2.73365E+02
  2.64445E+02  2.67471E+02  2.73360E+02
  2.64448E+02  2.67476E+02  2.73356E+02
  2.64445E+02  2.67471E+02  2.73351E+02
  2.64448E+02  2.67476E+02  2.73346E+02
  2.64445E+02  2.67471E+02  2.73342E+02
  2.64448E+02  2.67476E+02  2.73337E+02
  2.64445E+02  2.67471E+02  2.73333E+02
  2.64448E+02  2.67476E+02  2.73328E+02
  2.64445E+02  2.67471E+02  2.73324E+02
  2.64448E+02  2.67476E+02  2.73320E+02
  2.64445E+02  2.67471E+02  2.73315E+02
  2.64448E+02  2.67476E+02  2.73311E+02
  2.64448E+02  2.67477E+02  2.73307E+02
  2.64448E+02  2.67477E+02  2.73303E+02
  2.64448E+02  2.67477E+02  2.73299E+02
  2.64448E+02  2.67477E+02  2.73294E+02
  2.64448E+02  2.67477E+02  2.73290E+02
  2.64448E+02  2.67477E+02  2.73286E+02
  2.64448E+02  2.67477E+02  2.73282E+02
  2.64448E+02  2.67477E+02  2.73278E+02
  2.64448E+02  2.67477E+02  2.73274E+02
  2.64448E+02  2.67477E+02  2.73269E+02
  2.64448E+02  2.67477E+02  2.73265E+02
  2.64448E+02  2.67477E+02  2.73261E+02
  2.64448E+02  2.67477E+02  2.73257E+02
  2.64448E+02  2.67477E+02  2.73253E+02
  2.64474E+02  2.67483E+02  2.81559E+02
  2.64590E+02  2.67614E+02  2.94986E+02
  2.64546E+02  2.67574E+02  2.96717E+02
  2.64503E+02  2.67533E+02  2.95487E+02
  2.64500E+02  2.67525E+02  2.95503E+02
  2.64564E+02  2.67573E+02  3.10451E+02
  2.64595E+02  2.67629E+02  3.10884E+02
  2.64534E+02  2.67567E+02  3.05728E+02
  2.64501E+02  2.67534E+02  2.99225E+02
  2.64483E+02  2.67512E+02  2.93132E+02
  2.64476E+02  2.67506E+02  2.88039E+02
  2.64469E+02  2.67497E+02  2.84022E+02
  2.64466E+02  2.67496E+02  2.80958E+02
  2.64462E+02  2.67489E+02  2.78821E+02
  2.64460E+02  2.67487E+02  2.77357E+02
  2.64460E+02  2.67487E+02  2.76364E+02
  2.64459E+02  2.67487E+02  2.75694E+02
  2.64459E+02  2.67487E+02  2.75245E+02
  2.64453E+02  2.67485E+02  2.74946E+02
  2.64452E+02  2.67485E+02  2.74747E+02
  2.64449E+02  2.67479E+02  2.74616E+02
  2.64451E+02  2.67484E+02  2.74530E+02
  2.64449E+02  2.67479E+02  2.74473E+02
  2.64449E+02  2.67478E+02  2.74436E+02
  2.64448E+02  2.67478E+02  2.74412E+02
  2.64448E+02  2.67478E+02  2.74398E+02
  2.64448E+02  2.67478E+02  2.74389E+02
  2.64448E+02  2.67478E+02  2.74385E+02
  2.64448E+02  2.67478E+02  2.74383E+02
  2.64448E+02  2.67478E+02  2.74384E+02
  2.64448E+02  2.67478E+02  2.74385E+02
  2.64448E+02  2.67478E+02  2.74387E+02
  2.64448E+02  2.67478E+02  2.74389E+02
  2.64448E+02  2.67478E+02  2.74392E+02
  2.64448E+02  2.67478E+02  2.74394E+02
  2.64448E+02  2.67478E+02  2.74396E+02
  2.64449E+02  2.67478E+02  2.74398E+02
  2.64449E+02  2.67478E+02  2.74400E+02
  2.64449E+02  2.67478E+02  2.74402E+02
  2.64449E+02  2.67478E+02  2.74403E+02
  2.64448E+02  2.67478E+02  2.74404E+02
  2.64459E+02  2.67479E+02  2.75159E+02
  2.64475E+02  2.67500E+02  2.76027E+02
  2.64505E+02  2.67517E+02  2.85111E+02
  2.64600E+02  2.67600E+02  3.08172E+02
  2.64657E+02  2.67693E+02  3.12089E+02
  2.64566E+02  2.67601E+02  3.08192E+02
  2.64528E+02  2.67559E+02  3.02973E+02
  2.64505E+02  2.67533E+02  2.97004E+02
  2.64486E+02  2.67518E+02  2.91583E+02
  2.64479E+02  2.67513E+02  2.87122E+02
  2.64473E+02  2.67505E+02  2.83686E+02
  2.64470E+02  2.67503E+02  2.81324E+02
  2.64466E+02  2.67497E+02  2.79730E+02
  2.64464E+02  2.67496E+02  2.78673E+02
  2.64463E+02  2.67495E+02  2.77983E+02
  2.64463E+02  2.67495E+02  2.77541E+02
  2.64593E+02  2.67596E+02  3.14439E+02
  2.64818E+02  2.67871E+02  3.27815E+02
  2.64644E+02  2.67687E+02  3.26832E+02
  2.64567E+02  2.67606E+02  3.23852E+02
  2.64527E+02  2.67560E+02  3.18126E+02
  2.64506E+02  2.67534E+02  3.12374E+02
  2.64500E+02  2.67530E+02  3.11600E+02
  2.64492E+02  2.67522E+02  3.08883E+02
  2.64486E+02  2.67517E+02  3.05708E+02
  2.64479E+02  2.67508E+02  3.02751E+02
  2.64476E+02  2.67506E+02  3.00219E+02
  2.64474E+02  2.67505E+02  2.98121E+02
  2.64469E+02  2.67499E+02  2.96398E+02
  2.64468E+02  2.67498E+02  2.94977E+02
  2.64467E+02  2.67497E+02  2.93793E+02
  2.64467E+02  2.67497E+02  2.92791E+02
  2.64466E+02  2.67497E+02  2.91929E+02
  2.64466E+02  2.67498E+02  2.91176E+02
  2.64466E+02  2.67498E+02  2.90509E+02
  2.64457E+02  2.67490E+02  2.89908E+02
  2.64455E+02  2.67488E+02  2.89362E+02
  2.64455E+02  2.67488E+02  2.88862E+02
  2.64455E+02  2.67488E+02  2.88399E+02
  2.64455E+02  2.67488E+02  2.87967E+02
  2.64455E+02  2.67488E+02  2.87564E+02
  2.64454E+02  2.67488E+02  2.87184E+02
  2.64454E+02  2.67488E+02  2.86823E+02
  2.64454E+02  2.67489E+02  2.86482E+02
  2.64454E+02  2.67489E+02  2.86157E+02
  2.64454E+02  2.67489E+02  2.85848E+02
  2.64454E+02  2.67489E+02  2.85551E+02
  2.64454E+02  2.67489E+02  2.85267E+02
  2.64454E+02  2.67489E+02  2.84995E+02
  2.64454E+02  2.67489E+02  2.84732E+02
  2.64454E+02  2.67489E+02  2.84480E+02
  2.64454E+02  2.67489E+02  2.84237E+02
  2.64451E+02  2.67482E+02  2.84002E+02
  2.64453E+02  2.67488E+02  2.83775E+02
  2.64454E+02  2.67489E+02  2.83556E+02
  2.64451E+02  2.67482E+02  2.83344E+02
  2.64453E+02  2.67488E+02  2.83139E+02
  2.64451E+02  2.67482E+02  2.82940E+02
  2.64450E+02  2.67482E+02  2.82746E+02
  2.64450E+02  2.67481E+02  2.82558E+02
  2.64450E+02  2.67481E+02  2.82375E+02
  2.64450E+02  2.67481E+02  2.82197E+02
  2.64450E+02  2.67481E+02  2.82024E+02
  2.64450E+02  2.67481E+02  2.81857E+02
  2.64450E+02  2.67481E+02  2.81695E+02
  2.64450E+02  2.67481E+02  2.81535E+02
  2.64450E+02  2.67481E+02  2.81380E+02
  2.64450E+02  2.67481E+02  2.81229E+02
  2.64450E+02  2.67481E+02  2.81082E+02
  2.64450E+02  2.67481E+02  2.80938E+02
  2.64450E+02  2.67481E+02  2.80797E+02
  2.64450E+02  2.67481E+02  2.80660E+02
  2.64461E+02  2.67483E+02  2.83718E+02
  2.64558E+02  2.67600E+02  2.84165E+02
  2.64500E+02  2.67537E+02  2.83640E+02
  2.64473E+02  2.67511E+02  2.82859E+02
  2.64463E+02  2.67494E+02  2.82104E+02
  2.64455E+02  2.67490E+02  2.81462E+02
  2.64451E+02  2.67483E+02  2.80944E+02
  2.64450E+02  2.67482E+02  2.80533E+02
  2.64450E+02  2.67481E+02  2.80207E+02
  2.64450E+02  2.67481E+02  2.79943E+02
  2.64450E+02  2.67481E+02  2.79724E+02
  2.64450E+02  2.67481E+02  2.79540E+02
  2.64450E+02  2.67481E+02  2.79378E+02
  2.64449E+02  2.67481E+02  2.79235E+02
  2.64449E+02  2.67481E+02  2.79111E+02
  2.64449E+02  2.67481E+02  2.79001E+02
  2.64449E+02  2.67481E+02  2.78902E+02
  2.64449E+02  2.67481E+02  2.78810E+02
  2.64449E+02  2.67481E+02  2.78723E+02
  2.64449E+02  2.67481E+02  2.78640E+02
  2.64449E+02  2.67481E+02  2.78561E+02
  2.64449E+02  2.67481E+02  2.78484E+02
  2.64449E+02  2.67481E+02  2.78410E+02
  2.64449E+02  2.67481E+02  2.78338E+02
  2.64449E+02  2.67481E+02  2.78286E+02
  2.64449E+02  2.67481E+02  2.78249E+02
  2.64449E+02  2.67481E+02  2.78221E+02
  2.64449E+02  2.67481E+02  2.78200E+02
  2.64449E+02  2.67481E+02  2.78181E+02
  2.64449E+02  2.67481E+02  2.78163E+02
  2.64449E+02  2.67481E+02  2.78147E+02
  2.64449E+02  2.67481E+02  2.78131E+02
  2.64449E+02  2.67481E+02  2.78115E+02
  2.64449E+02  2.67481E+02  2.78099E+02
  2.64449E+02  2.67481E+02  2.78082E+02
  2.64449E+02  2.67481E+02  2.78066E+02
  2.64449E+02  2.67481E+02  2.78049E+02
  2.64449E+02  2.67481E+02  2.78032E+02
  2.64449E+02  2.67481E+02  2.78015E+02
  2.64449E+02  2.67481E+02  2.77997E+02
  2.64449E+02  2.67481E+02  2.77979E+02
  2.64449E+02  2.67481E+02  2.77961E+02
  2.64449E+02  2.67481E+02  2.77943E+02
  2.64449E+02  2.67481E+02  2.77925E+02
  2.64449E+02  2.67481E+02  2.77906E+02
  2.64449E+02  2.67481E+02  2.77887E+02
  2.64449E+02  2.67481E+02  2.77868E+02
  2.64449E+02  2.67481E+02  2.77849E+02
  2.64449E+02  2.67481E+02  2.77830E+02
  2.64449E+02  2.67481E+02  2.77810E+02
  2.64449E+02  2.67481E+02  2.77791E+02
  2.64449E+02  2.67480E+02  2.77771E+02
  2.64449E+02  2.67480E+02  2.77751E+02
  2.64449E+02  2.67480E+02  2.77731E+02
  2.64449E+02  2.67480E+02  2.77711E+02
  2.64449E+02  2.67480E+02  2.77691E+02
  2.64449E+02  2.67480E+02  2.77671E+02
  2.64449E+02  2.67480E+02  2.77651E+02
  2.64449E+02  2.67480E+02  2.77630E+02
  2.64449E+02  2.67480E+02  2.77610E+02
  2.64449E+02  2.67480E+02  2.77589E+02
  2.64449E+02  2.67480E+02  2.77569E+02
  2.64449E+02  2.67480E+02  2.77548E+02
  2.64449E+02  2.67480E+02  2.77528E+02
  2.64449E+02  2.67480E+02  2.77507E+02
  2.64449E+02  2.67480E+02  2.77486E+02
  2.64486E+02  2.67520E+02  2.77470E+02
  2.64463E+02  2.67494E+02  2.77449E+02
  2.64454E+02  2.67488E+02  2.77428E+02
  2.64450E+02  2.67481E+02  2.77406E+02
  2.64449E+02  2.67480E+02  2.77384E+02
  2.64449E+02  2.67480E+02  2.77363E+02
  2.64449E+02  2.67480E+02  2.77342E+02
  2.64449E+02  2.67480E+02  2.77321E+02
  2.64449E+02  2.67480E+02  2.77300E+02
  2.64449E+02  2.67480E+02  2.77280E+02
  2.64449E+02  2.67480E+02  2.77259E+02
  2.64449E+02  2.67480E+02  2.77239E+02
  2.64449E+02  2.67480E+02  2.77218E+02
  2.64449E+02  2.67480E+02  2.77198E+02
  2.64449E+02  2.67480E+02  2.77177E+02
  2.64449E+02  2.67480E+02  2.77157E+02
  2.64449E+02  2.67480E+02  2.77137E+02
  2.64449E+02  2.67480E+02  2.77117E+02
  2.64449E+02  2.67480E+02  2.77096E+02
  2.64449E+02  2.67480E+02  2.77076E+02
  2.64449E+02  2.67480E+02  2.77056E+02
  2.64460E+02  2.67495E+02  2.77038E+02
  2.64451E+02  2.67482E+02  2.77018E+02
  2.64449E+02  2.67480E+02  2.76997E+02
  2.64449E+02  2.67480E+02  2.76977E+02
  2.64449E+02  2.67480E+02  2.76957E+02
  2.64449E+02  2.67480E+02  2.76937E+02
  2.64449E+02  2.67480E+02  2.76917E+02
  2.64449E+02  2.67480E+02  2.76898E+02
  2.64450E+02  2.67480E+02  2.77209E+02
  2.64475E+02  2.67517E+02  2.77250E+02
  2.64462E+02  2.67493E+02  2.77185E+02
  2.64454E+02  2.67488E+02  2.77093E+02
  2.64450E+02  2.67481E+02  2.77004E+02
  2.64449E+02  2.67480E+02  2.76928E+02
  2.64449E+02  2.67480E+02  2.76867E+02
  2.64449E+02  2.67480E+02  2.76818E+02
  2.64449E+02  2.67480E+02  2.76779E+02
  2.64458E+02  2.67488E+02  2.76747E+02
  2.64450E+02  2.67481E+02  2.76719E+02
  2.64449E+02  2.67480E+02  2.76694E+02
  2.64449E+02  2.67480E+02  2.76672E+02
  2.64449E+02  2.67479E+02  2.76651E+02
  2.64449E+02  2.67479E+02  2.76631E+02
  2.64449E+02  2.67479E+02  2.76612E+02
  2.64449E+02  2.67479E+02  2.76593E+02
  2.64449E+02  2.67479E+02  2.76575E+02
  2.64449E+02  2.67479E+02  2.76557E+02
  2.64449E+02  2.67479E+02  2.76540E+02
  2.64449E+02  2.67479E+02  2.76522E+02
  2.64449E+02  2.67479E+02  2.76505E+02
  2.64460E+02  2.67494E+02  2.76489E+02
  2.64450E+02  2.67481E+02  2.76472E+02
  2.64450E+02  2.67480E+02  2.76746E+02
  2.64459E+02  2.67488E+02  2.76924E+02
  2.64466E+02  2.67486E+02  2.80925E+02
  2.64488E+02  2.67506E+02  2.84988E+02
  2.64489E+02  2.67507E+02  2.86907E+02
  2.64501E+02  2.67517E+02  2.89813E+02
  2.64513E+02  2.67524E+02  2.93382E+02
  2.64500E+02  2.67523E+02  2.92021E+02
  2.64485E+02  2.67512E+02  2.89025E+02
  2.64478E+02  2.67507E+02  2.85846E+02
  2.64470E+02  2.67499E+02  2.83103E+02
  2.64467E+02  2.67497E+02  2.81058E+02
  2.64462E+02  2.67490E+02  2.79589E+02
  2.64461E+02  2.67489E+02  2.78559E+02
  2.64454E+02  2.67487E+02  2.77848E+02
  2.64459E+02  2.67488E+02  2.77362E+02
  2.64454E+02  2.67487E+02  2.77030E+02
  2.64464E+02  2.67502E+02  2.76806E+02
  2.64460E+02  2.67491E+02  2.76652E+02
  2.64453E+02  2.67487E+02  2.76545E+02
  2.64452E+02  2.67487E+02  2.76469E+02
  2.64452E+02  2.67487E+02  2.76414E+02
  2.64449E+02  2.67480E+02  2.76373E+02
  2.64452E+02  2.67486E+02  2.76342E+02
  2.64449E+02  2.67480E+02  2.76316E+02
  2.64449E+02  2.67479E+02  2.76294E+02
  2.64449E+02  2.67479E+02  2.76275E+02
  2.64449E+02  2.67479E+02  2.76258E+02
  2.64449E+02  2.67479E+02  2.76242E+02
  2.64449E+02  2.67479E+02  2.76226E+02
  2.64449E+02  2.67479E+02  2.76211E+02
  2.64449E+02  2.67479E+02  2.76197E+02
  2.64449E+02  2.67479E+02  2.76182E+02
  2.64449E+02  2.67479E+02  2.76168E+02
  2.64449E+02  2.67479E+02  2.76154E+02
  2.64449E+02  2.67479E+02  2.76140E+02
  2.64449E+02  2.67479E+02  2.76126E+02
  2.64449E+02  2.67479E+02  2.76112E+02
  2.64449E+02  2.67479E+02  2.76098E+02
  2.64449E+02  2.67479E+02  2.76083E+02
  2.64449E+02  2.67479E+02  2.76069E+02
  2.64449E+02  2.67479E+02  2.76055E+02
  2.64449E+02  2.67479E+02  2.76041E+02
  2.64449E+02  2.67479E+02  2.76027E+02
  2.64449E+02  2.67479E+02  2.76013E+02
  2.64449E+02  2.67479E+02  2.75999E+02
  2.64449E+02  2.67479E+02  2.75985E+02
  2.64449E+02  2.67479E+02  2.75971E+02
  2.64449E+02  2.67479E+02  2.75957E+02
  2.64449E+02  2.67479E+02  2.75943E+02
  2.64449E+02  2.67479E+02  2.75929E+02
  2.64449E+02  2.67479E+02  2.75915E+02
  2.64449E+02  2.67479E+02  2.75901E+02
  2.64449E+02  2.67479E+02  2.75888E+02
  2.64449E+02  2.67479E+02  2.75874E+02
  2.64449E+02  2.67479E+02  2.75860E+02
  2.64449E+02  2.67479E+02  2.75846E+02
  2.64449E+02  2.67479E+02  2.75832E+02
  2.64449E+02  2.67479E+02  2.75818E+02
  2.64449E+02  2.67479E+02  2.75805E+02
  2.64449E+02  2.67479E+02  2.75791E+02
  2.64449E+02  2.67479E+02  2.75777E+02
  2.64449E+02  2.67479E+02  2.75764E+02
  2.64449E+02  2.67479E+02  2.75750E+02
  2.64449E+02  2.67479E+02  2.75736E+02
  2.64449E+02  2.67479E+02  2.75723E+02
  2.64449E+02  2.67479E+02  2.75709E+02
  2.64449E+02  2.67479E+02  2.75696E+02
  2.64449E+02  2.67479E+02  2.75682E+02
  2.64449E+02  2.67479E+02  2.75872E+02
  2.64497E+02  2.67535E+02  2.75900E+02
  2.64467E+02  2.67502E+02  2.75860E+02
  2.64460E+02  2.67490E+02  2.75802E+02
  2.64450E+02  2.67480E+02  2.75744E+02
  2.64449E+02  2.67479E+02  2.75695E+02
  2.64449E+02  2.67479E+02  2.75655E+02
  2.64449E+02  2.67479E+02  2.75622E+02
  2.64449E+02  2.67479E+02  2.75595E+02
  2.64449E+02  2.67479E+02  2.75572E+02
  2.64449E+02  2.67479E+02  2.75553E+02
  2.64449E+02  2.67479E+02  2.75535E+02
  2.64449E+02  2.67479E+02  2.75520E+02
  2.64449E+02  2.67479E+02  2.75505E+02
  2.64449E+02  2.67479E+02  2.75491E+02
  2.64449E+02  2.67479E+02  2.75477E+02
  2.64449E+02  2.67479E+02  2.75464E+02
  2.64449E+02  2.67479E+02  2.75451E+02
  2.64449E+02  2.67479E+02  2.75438E+02
  2.64449E+02  2.67479E+02  2.75425E+02
  2.64449E+02  2.67479E+02  2.75413E+02
  2.64507E+02  2.67509E+02  2.92409E+02
  2.64659E+02  2.67682E+02  3.05590E+02
  2.64602E+02  2.67623E+02  3.12085E+02
  2.64544E+02  2.67571E+02  3.09177E+02
  2.64508E+02  2.67537E+02  3.03165E+02
  2.64512E+02  2.67535E+02  3.01408E+02
  2.64539E+02  2.67556E+02  3.06524E+02
  2.64551E+02  2.67575E+02  3.08391E+02
  2.64542E+02  2.67564E+02  3.07732E+02
  2.64521E+02  2.67549E+02  3.02902E+02
  2.64510E+02  2.67537E+02  2.98472E+02
  2.64490E+02  2.67522E+02  2.93538E+02
  2.64496E+02  2.67525E+02  2.92020E+02
  2.64507E+02  2.67535E+02  2.93674E+02
  2.64498E+02  2.67533E+02  2.92031E+02
  2.64486E+02  2.67521E+02  2.90030E+02
  2.64480E+02  2.67516E+02  2.88376E+02
  2.64473E+02  2.67507E+02  2.87126E+02
  2.64471E+02  2.67506E+02  2.86218E+02
  2.64467E+02  2.67499E+02  2.85577E+02
  2.64495E+02  2.67517E+02  2.91660E+02
  2.64508E+02  2.67537E+02  2.94985E+02
  2.64491E+02  2.67524E+02  2.95275E+02
  2.64483E+02  2.67518E+02  2.94380E+02
  2.64475E+02  2.67509E+02  2.93142E+02
  2.64472E+02  2.67507E+02  2.91907E+02
  2.64468E+02  2.67500E+02  2.90797E+02
  2.64466E+02  2.67498E+02  2.89837E+02
  2.64466E+02  2.67498E+02  2.89017E+02
  2.64465E+02  2.67498E+02  2.88316E+02
  2.64465E+02  2.67498E+02  2.87710E+02
  2.64462E+02  2.67492E+02  2.87179E+02
  2.64455E+02  2.67489E+02  2.86709E+02
  2.64454E+02  2.67489E+02  2.86287E+02
  2.64454E+02  2.67489E+02  2.85904E+02
  2.64454E+02  2.67489E+02  2.85554E+02
  2.64460E+02  2.67490E+02  2.85231E+02
  2.64455E+02  2.67489E+02  2.84929E+02
  2.64454E+02  2.67489E+02  2.84647E+02
  2.64454E+02  2.67489E+02  2.84380E+02
  2.64454E+02  2.67489E+02  2.84128E+02
  2.64509E+02  2.67514E+02  2.96182E+02
  2.64590E+02  2.67628E+02  2.98253E+02
  2.64526E+02  2.67561E+02  2.96614E+02
  2.64492E+02  2.67531E+02  2.93977E+02
  2.64477E+02  2.67512E+02  2.91407E+02
  2.64470E+02  2.67502E+02  2.89244E+02
  2.64467E+02  2.67500E+02  2.87533E+02
  2.64466E+02  2.67499E+02  2.86214E+02
  2.64462E+02  2.67493E+02  2.85202E+02
  2.64461E+02  2.67492E+02  2.84421E+02
  2.64455E+02  2.67490E+02  2.83810E+02
  2.64454E+02  2.67489E+02  2.83320E+02
  2.64454E+02  2.67489E+02  2.82919E+02
  2.64453E+02  2.67489E+02  2.82583E+02
  2.64453E+02  2.67489E+02  2.82293E+02
  2.64453E+02  2.67489E+02  2.82038E+02
  2.64453E+02  2.67489E+02  2.81810E+02
  2.64453E+02  2.67489E+02  2.81603E+02
  2.64453E+02  2.67489E+02  2.81412E+02
  2.64453E+02  2.67489E+02  2.81235E+02
  2.64453E+02  2.67489E+02  2.81068E+02
  2.64453E+02  2.67489E+02  2.80910E+02
  2.64450E+02  2.67483E+02  2.80759E+02
  2.64456E+02  2.67488E+02  2.81660E+02
  2.64524E+02  2.67567E+02  2.81717E+02
  2.64484E+02  2.67523E+02  2.81456E+02
  2.64467E+02  2.67502E+02  2.81112E+02
  2.64455E+02  2.67491E+02  2.80779E+02
  2.64453E+02  2.67489E+02  2.80487E+02
  2.64453E+02  2.67489E+02  2.80239E+02
  2.64454E+02  2.67489E+02  2.80395E+02
  2.64462E+02  2.67492E+02  2.82403E+02
  2.64459E+02  2.67491E+02  2.82573E+02
  2.64457E+02  2.67490E+02  2.82248E+02
  2.64455E+02  2.67490E+02  2.81638E+02
  2.64454E+02  2.67489E+02  2.81017E+02
  2.64454E+02  2.67489E+02  2.80479E+02
  2.64450E+02  2.67483E+02  2.80040E+02
  2.64453E+02  2.67488E+02  2.79690E+02
  2.64450E+02  2.67482E+02  2.79410E+02
  2.64449E+02  2.67482E+02  2.79198E+02
  2.64449E+02  2.67481E+02  2.79031E+02
  2.64449E+02  2.67481E+02  2.78895E+02
  2.64449E+02  2.67481E+02  2.78779E+02
  2.64525E+02  2.67526E+02  2.93384E+02
  2.64594E+02  2.67627E+02  2.96448E+02
  2.64526E+02  2.67562E+02  2.94828E+02
  2.64495E+02  2.67533E+02  2.91706E+02
  2.64482E+02  2.67520E+02  2.88652E+02
  2.64474E+02  2.67509E+02  2.86148E+02
  2.64468E+02  2.67501E+02  2.84211E+02
  2.64466E+02  2.67499E+02  2.82755E+02
  2.64465E+02  2.67499E+02  2.81670E+02
  2.64461E+02  2.67492E+02  2.80861E+02
  2.64455E+02  2.67489E+02  2.80251E+02
  2.64453E+02  2.67489E+02  2.79784E+02
  2.64453E+02  2.67489E+02  2.79421E+02
  2.64453E+02  2.67489E+02  2.79143E+02
  2.64453E+02  2.67489E+02  2.78929E+02
  2.64453E+02  2.67489E+02  2.78759E+02
  2.64453E+02  2.67489E+02  2.78618E+02
  2.64453E+02  2.67489E+02  2.78498E+02
  2.64453E+02  2.67489E+02  2.78415E+02
  2.64453E+02  2.67489E+02  2.78360E+02
  2.64452E+02  2.67489E+02  2.78322E+02
  2.64452E+02  2.67489E+02  2.78293E+02
  2.64450E+02  2.67482E+02  2.78269E+02
  2.64500E+02  2.67515E+02  2.88638E+02
  2.64542E+02  2.67577E+02  2.91582E+02
  2.64506E+02  2.67540E+02  2.91406E+02
  2.64486E+02  2.67523E+02  2.90146E+02
  2.64540E+02  2.67561E+02  3.03825E+02
  2.64599E+02  2.67638E+02  3.18695E+02
  2.64552E+02  2.67598E+02  3.22243E+02
  2.64526E+02  2.67574E+02  3.21010E+02
  2.64504E+02  2.67557E+02  3.18178E+02
  2.64492E+02  2.67544E+02  3.15071E+02
  2.64486E+02  2.67539E+02  3.12295E+02
  2.64480E+02  2.67530E+02  3.09924E+02
  2.64477E+02  2.67527E+02  3.07861E+02
  2.64472E+02  2.67519E+02  3.06038E+02
  2.64470E+02  2.67517E+02  3.04409E+02
  2.64469E+02  2.67516E+02  3.02941E+02
  2.64469E+02  2.67514E+02  3.01609E+02
  2.64468E+02  2.67514E+02  3.00394E+02
  2.64462E+02  2.67511E+02  2.99280E+02
  2.64461E+02  2.67510E+02  2.98254E+02
  2.64460E+02  2.67509E+02  2.97305E+02
  2.64457E+02  2.67502E+02  2.96424E+02
  2.64456E+02  2.67501E+02  2.95604E+02
  2.64465E+02  2.67509E+02  2.94839E+02
  2.64457E+02  2.67501E+02  2.94120E+02
  2.64456E+02  2.67499E+02  2.93444E+02
  2.64456E+02  2.67498E+02  2.92803E+02
  2.64455E+02  2.67498E+02  2.92198E+02
  2.64455E+02  2.67497E+02  2.91625E+02
  2.64455E+02  2.67497E+02  2.91081E+02
  2.64455E+02  2.67497E+02  2.90560E+02
  2.64455E+02  2.67496E+02  2.90079E+02
  2.64455E+02  2.67496E+02  2.89629E+02
  2.64455E+02  2.67496E+02  2.89201E+02
  2.64455E+02  2.67495E+02  2.88789E+02
  2.64455E+02  2.67495E+02  2.88388E+02
  2.64454E+02  2.67495E+02  2.87994E+02
  2.64454E+02  2.67494E+02  2.87606E+02
  2.64454E+02  2.67494E+02  2.87227E+02
  2.64454E+02  2.67494E+02  2.86857E+02
  2.64454E+02  2.67493E+02  2.86498E+02
  2.64454E+02  2.67493E+02  2.86148E+02
  2.64454E+02  2.67493E+02  2.85807E+02
  2.64454E+02  2.67493E+02  2.85476E+02
  2.64451E+02  2.67486E+02  2.85156E+02
  2.64453E+02  2.67491E+02  2.84852E+02
  2.64451E+02  2.67486E+02  2.84559E+02
  2.64453E+02  2.67491E+02  2.84277E+02
  2.64451E+02  2.67485E+02  2.84004E+02
  2.64450E+02  2.67484E+02  2.83739E+02
  2.64450E+02  2.67484E+02  2.83482E+02
  2.64450E+02  2.67484E+02  2.83231E+02
  2.64450E+02  2.67483E+02  2.82988E+02
  2.64450E+02  2.67483E+02  2.82751E+02
  2.64450E+02  2.67483E+02  2.82519E+02
  2.64450E+02  2.67483E+02  2.82294E+02
  2.64450E+02  2.67483E+02  2.82074E+02
  2.64450E+02  2.67483E+02  2.81859E+02
  2.64450E+02  2.67482E+02  2.81656E+02
  2.64450E+02  2.67482E+02  2.81471E+02
  2.64450E+02  2.67482E+02  2.81301E+02
  2.64450E+02  2.67482E+02  2.81143E+02
  2.64450E+02  2.67482E+02  2.80993E+02
  2.64450E+02  2.67482E+02  2.80850E+02
  2.64450E+02  2.67482E+02  2.80713E+02
  2.64458E+02  2.67490E+02  2.80583E+02
  2.64451E+02  2.67483E+02  2.80463E+02
  2.64450E+02  2.67482E+02  2.80352E+02
  2.64450E+02  2.67482E+02  2.80248E+02
  2.64450E+02  2.67482E+02  2.80150E+02
  2.64453E+02  2.67483E+02  2.80147E+02
  2.64468E+02  2.67490E+02  2.81893E+02
  2.64467E+02  2.67497E+02  2.82112E+02
  2.64460E+02  2.67491E+02  2.81777E+02
  2.64457E+02  2.67490E+02  2.81301E+02
  2.64455E+02  2.67490E+02  2.80843E+02
  2.64454E+02  2.67490E+02  2.80452E+02
  2.64454E+02  2.67490E+02  2.80152E+02
  2.64453E+02  2.67490E+02  2.79923E+02
  2.64450E+02  2.67483E+02  2.79743E+02
  2.64453E+02  2.67489E+02  2.79599E+02
  2.64450E+02  2.67483E+02  2.79477E+02
  2.64450E+02  2.67482E+02  2.79370E+02
  2.64449E+02  2.67482E+02  2.79275E+02
  2.64449E+02  2.67482E+02  2.79188E+02
  2.64449E+02  2.67482E+02  2.79105E+02
  2.64449E+02  2.67482E+02  2.79027E+02
  2.64449E+02  2.67482E+02  2.78953E+02
  2.64449E+02  2.67482E+02  2.78881E+02
  2.64475E+02  2.67491E+02  2.85463E+02
  2.64568E+02  2.67605E+02  2.86534E+02
  2.64506E+02  2.67540E+02  2.85573E+02
  2.64477E+02  2.67513E+02  2.84086E+02
  2.64468E+02  2.67501E+02  2.82660E+02
  2.64457E+02  2.67491E+02  2.81475E+02
  2.64454E+02  2.67490E+02  2.80553E+02
  2.64459E+02  2.67491E+02  2.79855E+02
  2.64454E+02  2.67489E+02  2.79366E+02
  2.64450E+02  2.67483E+02  2.79033E+02
  2.64450E+02  2.67482E+02  2.78819E+02
  2.64449E+02  2.67482E+02  2.78681E+02
  2.64449E+02  2.67482E+02  2.78589E+02
  2.64449E+02  2.67482E+02  2.78526E+02
  2.64449E+02  2.67482E+02  2.78480E+02
  2.64449E+02  2.67482E+02  2.78445E+02
  2.64449E+02  2.67482E+02  2.78416E+02
  2.64449E+02  2.67482E+02  2.78391E+02
  2.64449E+02  2.67481E+02  2.78368E+02
  2.64449E+02  2.67481E+02  2.78347E+02
  2.64449E+02  2.67481E+02  2.78326E+02
  2.64449E+02  2.67481E+02  2.78305E+02
  2.64449E+02  2.67481E+02  2.78285E+02
  2.64449E+02  2.67481E+02  2.78264E+02
  2.64449E+02  2.67481E+02  2.78244E+02
  2.64449E+02  2.67481E+02  2.78223E+02
  2.64449E+02  2.67481E+02  2.78203E+02
  2.64449E+02  2.67481E+02  2.78182E+02
  2.64449E+02  2.67481E+02  2.78161E+02
  2.64449E+02  2.67481E+02  2.78140E+02
  2.64449E+02  2.67481E+02  2.78119E+02
  2.64449E+02  2.67481E+02  2.78098E+02
  2.64449E+02  2.67481E+02  2.78077E+02
  2.64449E+02  2.67481E+02  2.78056E+02
  2.64449E+02  2.67481E+02  2.78034E+02
  2.64449E+02  2.67481E+02  2.78013E+02
  2.64449E+02  2.67481E+02  2.77991E+02
  2.64449E+02  2.67481E+02  2.77970E+02
  2.64449E+02  2.67481E+02  2.77948E+02
  2.64449E+02  2.67481E+02  2.77926E+02
  2.64449E+02  2.67481E+02  2.77905E+02
  2.64449E+02  2.67481E+02  2.77883E+02
  2.64449E+02  2.67481E+02  2.77861E+02
  2.64449E+02  2.67481E+02  2.77839E+02
  2.64449E+02  2.67481E+02  2.77817E+02
  2.64449E+02  2.67481E+02  2.77796E+02
  2.64449E+02  2.67481E+02  2.77774E+02
  2.64449E+02  2.67481E+02  2.77752E+02
  2.64458E+02  2.67489E+02  2.77731E+02
  2.64450E+02  2.67482E+02  2.77709E+02
  2.64449E+02  2.67481E+02  2.77687E+02
  2.64449E+02  2.67481E+02  2.77665E+02
  2.64449E+02  2.67481E+02  2.77643E+02
  2.64449E+02  2.67481E+02  2.77621E+02
  2.64449E+02  2.67481E+02  2.77599E+02
  2.64449E+02  2.67481E+02  2.77577E+02
  2.64449E+02  2.67481E+02  2.77555E+02
  2.64449E+02  2.67481E+02  2.77533E+02
  2.64455E+02  2.67481E+02  2.79240E+02
  2.64528E+02  2.67540E+02  2.89360E+02
  2.64571E+02  2.67575E+02  3.02522E+02
  2.64566E+02  2.67589E+02  3.03542E+02
  2.64523E+02  2.67550E+02  2.99932E+02
  2.64497E+02  2.67530E+02  2.95127E+02
  2.64481E+02  2.67512E+02  2.90552E+02
  2.64475E+02  2.67507E+02  2.86699E+02
  2.64469E+02  2.67500E+02  2.83784E+02
  2.64466E+02  2.67498E+02  2.81755E+02
  2.64465E+02  2.67498E+02  2.80370E+02
  2.64461E+02  2.67491E+02  2.79434E+02
  2.64460E+02  2.67490E+02  2.78809E+02
  2.64454E+02  2.67488E+02  2.78393E+02
  2.64453E+02  2.67488E+02  2.78125E+02
  2.64461E+02  2.67497E+02  2.77960E+02
  2.64460E+02  2.67491E+02  2.77857E+02
  2.64459E+02  2.67490E+02  2.77792E+02
  2.64453E+02  2.67488E+02  2.77749E+02
  2.64453E+02  2.67488E+02  2.77720E+02
  2.64495E+02  2.67510E+02  2.86771E+02
  2.64555E+02  2.67578E+02  2.95351E+02
  2.64525E+02  2.67555E+02  2.96219E+02
  2.64499E+02  2.67536E+02  2.94286E+02
  2.64486E+02  2.67523E+02  2.91949E+02
  2.64477E+02  2.67512E+02  2.89850E+02
  2.64483E+02  2.67515E+02  2.90414E+02
  2.64527E+02  2.67556E+02  3.02816E+02
  2.64607E+02  2.67646E+02  3.32976E+02
  2.64674E+02  2.67733E+02  3.63336E+02
  2.64668E+02  2.67742E+02  3.85040E+02
  2.64616E+02  2.67692E+02  3.87151E+02
  2.64595E+02  2.67677E+02  3.88501E+02
  2.64574E+02  2.67658E+02  3.86092E+02
  2.64552E+02  2.67636E+02  3.80421E+02
  2.64535E+02  2.67619E+02  3.74481E+02
  2.64525E+02  2.67610E+02  3.68976E+02
  2.64509E+02  2.67596E+02  3.64070E+02
  2.64503E+02  2.67590E+02  3.59738E+02
  2.64496E+02  2.67579E+02  3.55895E+02
  2.64493E+02  2.67575E+02  3.52453E+02
  2.64490E+02  2.67572E+02  3.49333E+02
  2.64488E+02  2.67570E+02  3.46473E+02
  2.64484E+02  2.67561E+02  3.43828E+02
  2.64482E+02  2.67558E+02  3.41361E+02
  2.64481E+02  2.67555E+02  3.39048E+02
  2.64480E+02  2.67553E+02  3.36867E+02
  2.64479E+02  2.67552E+02  3.34804E+02
  2.64478E+02  2.67550E+02  3.32847E+02
  2.64478E+02  2.67548E+02  3.30986E+02
  2.64477E+02  2.67547E+02  3.29214E+02
  2.64474E+02  2.67539E+02  3.27522E+02
  2.64473E+02  2.67536E+02  3.25905E+02
  2.64472E+02  2.67535E+02  3.24360E+02
  2.64472E+02  2.67534E+02  3.22879E+02
  2.64466E+02  2.67531E+02  3.21460E+02
  2.64470E+02  2.67531E+02  3.20099E+02
  2.64471E+02  2.67530E+02  3.18790E+02
  2.64465E+02  2.67527E+02  3.17526E+02
  2.64464E+02  2.67526E+02  3.16310E+02
  2.64464E+02  2.67525E+02  3.15145E+02
  2.64463E+02  2.67524E+02  3.14017E+02
  2.64463E+02  2.67523E+02  3.12933E+02
  2.64463E+02  2.67522E+02  3.11886E+02
  2.64468E+02  2.67523E+02  3.10876E+02
  2.64469E+02  2.67522E+02  3.09898E+02
  2.64463E+02  2.67520E+02  3.08947E+02
  2.64462E+02  2.67519E+02  3.08031E+02
  2.64462E+02  2.67518E+02  3.07143E+02
  2.64462E+02  2.67517E+02  3.06282E+02
  2.64462E+02  2.67516E+02  3.05447E+02
  2.64459E+02  2.67509E+02  3.04632E+02
  2.64461E+02  2.67514E+02  3.03841E+02
  2.64458E+02  2.67508E+02  3.03073E+02
  2.64458E+02  2.67506E+02  3.02329E+02
  2.64458E+02  2.67506E+02  3.01603E+02
  2.64457E+02  2.67505E+02  3.00896E+02
  2.64457E+02  2.67504E+02  3.00209E+02
  2.64457E+02  2.67504E+02  2.99540E+02
  2.64457E+02  2.67503E+02  2.98892E+02
  2.64457E+02  2.67503E+02  2.98258E+02
  2.64457E+02  2.67502E+02  2.97640E+02
  2.64457E+02  2.67502E+02  2.97041E+02
  2.64456E+02  2.67501E+02  2.96454E+02
  2.64456E+02  2.67501E+02  2.95882E+02
  2.64456E+02  2.67500E+02  2.95324E+02
  2.64456E+02  2.67500E+02  2.94780E+02
  2.64456E+02  2.67499E+02  2.94250E+02
  2.64456E+02  2.67499E+02  2.93733E+02
  2.64456E+02  2.67499E+02  2.93228E+02
  2.64456E+02  2.67498E+02  2.92735E+02
  2.64456E+02  2.67498E+02  2.92255E+02
  2.64456E+02  2.67497E+02  2.91786E+02
  2.64455E+02  2.67497E+02  2.91328E+02
  2.64455E+02  2.67497E+02  2.90881E+02
  2.64455E+02  2.67496E+02  2.90444E+02
  2.64455E+02  2.67496E+02  2.90018E+02
  2.64455E+02  2.67496E+02  2.89602E+02
  2.64455E+02  2.67495E+02  2.89195E+02
  2.64455E+02  2.67495E+02  2.88798E+02
  2.64455E+02  2.67495E+02  2.88410E+02
  2.64455E+02  2.67494E+02  2.88033E+02
  2.64455E+02  2.67494E+02  2.87663E+02
  2.64455E+02  2.67494E+02  2.87302E+02
  2.64455E+02  2.67494E+02  2.86950E+02
  2.64455E+02  2.67493E+02  2.86606E+02
  2.64454E+02  2.67493E+02  2.86270E+02
  2.64454E+02  2.67493E+02  2.85948E+02
  2.64454E+02  2.67493E+02  2.85638E+02
  2.64454E+02  2.67492E+02  2.85338E+02
  2.64454E+02  2.67492E+02  2.85046E+02
  2.64454E+02  2.67492E+02  2.84763E+02
  2.64454E+02  2.67492E+02  2.84486E+02
  2.64454E+02  2.67492E+02  2.84218E+02
  2.64454E+02  2.67491E+02  2.83956E+02
  2.64454E+02  2.67491E+02  2.83699E+02
  2.64454E+02  2.67491E+02  2.83449E+02
  2.64471E+02  2.67508E+02  2.83208E+02
  2.64456E+02  2.67493E+02  2.82970E+02
  2.64454E+02  2.67491E+02  2.82737E+02
  2.64454E+02  2.67490E+02  2.82510E+02
  2.64454E+02  2.67490E+02  2.82290E+02
  2.64454E+02  2.67490E+02  2.82075E+02
  2.64454E+02  2.67490E+02  2.81866E+02
  2.64454E+02  2.67490E+02  2.81674E+02
  2.64454E+02  2.67490E+02  2.81500E+02
  2.64453E+02  2.67490E+02  2.81338E+02
  2.64455E+02  2.67490E+02  2.81639E+02
  2.64455E+02  2.67490E+02  2.81576E+02
  2.64454E+02  2.67490E+02  2.81380E+02
  2.64454E+02  2.67490E+02  2.81155E+02
  2.64454E+02  2.67490E+02  2.80938E+02
  2.64451E+02  2.67483E+02  2.80740E+02
  2.64453E+02  2.67489E+02  2.80565E+02
  2.64450E+02  2.67483E+02  2.80416E+02
  2.64453E+02  2.67489E+02  2.80289E+02
  2.64450E+02  2.67483E+02  2.80176E+02
  2.64453E+02  2.67489E+02  2.80073E+02
  2.64450E+02  2.67483E+02  2.79976E+02
  2.64450E+02  2.67482E+02  2.79885E+02
  2.64450E+02  2.67482E+02  2.79798E+02
  2.64450E+02  2.67482E+02  2.79714E+02
  2.64450E+02  2.67482E+02  2.79632E+02
  2.64450E+02  2.67482E+02  2.79553E+02
  2.64450E+02  2.67482E+02  2.79475E+02
  2.64450E+02  2.67482E+02  2.79400E+02
  2.64450E+02  2.67482E+02  2.79326E+02
  2.64450E+02  2.67482E+02  2.79254E+02
  2.64450E+02  2.67482E+02  2.79183E+02
  2.64450E+02  2.67482E+02  2.79113E+02
  2.64450E+02  2.67482E+02  2.79045E+02
  2.64450E+02  2.67482E+02  2.78978E+02
  2.64450E+02  2.67482E+02  2.78912E+02
  2.64450E+02  2.67482E+02  2.78848E+02
  2.64450E+02  2.67482E+02  2.78785E+02
  2.64450E+02  2.67482E+02  2.78722E+02
  2.64450E+02  2.67482E+02  2.78661E+02
  2.64449E+02  2.67482E+02  2.78605E+02
  2.64449E+02  2.67482E+02  2.78565E+02
  2.64449E+02  2.67482E+02  2.78536E+02
  2.64449E+02  2.67482E+02  2.78512E+02
  2.64449E+02  2.67482E+02  2.78491E+02
  2.64449E+02  2.67482E+02  2.78472E+02
  2.64449E+02  2.67482E+02  2.78454E+02
  2.64449E+02  2.67482E+02  2.78437E+02
  2.64449E+02  2.67482E+02  2.78420E+02
  2.64449E+02  2.67482E+02  2.78402E+02
  2.64449E+02  2.67481E+02  2.78385E+02
  2.64449E+02  2.67481E+02  2.78367E+02
  2.64449E+02  2.67481E+02  2.78349E+02
  2.64449E+02  2.67481E+02  2.78332E+02
  2.64449E+02  2.67481E+02  2.78313E+02
  2.64449E+02  2.67481E+02  2.78295E+02
  2.64449E+02  2.67481E+02  2.78277E+02
  2.64449E+02  2.67481E+02  2.78258E+02
  2.64449E+02  2.67481E+02  2.78239E+02
  2.64449E+02  2.67481E+02  2.78220E+02
  2.64449E+02  2.67481E+02  2.78201E+02
  2.64449E+02  2.67481E+02  2.78182E+02
  2.64461E+02  2.67496E+02  2.78164E+02
  2.64451E+02  2.67483E+02  2.78144E+02
  2.64450E+02  2.67481E+02  2.78124E+02
  2.64449E+02  2.67481E+02  2.78104E+02
  2.64449E+02  2.67481E+02  2.78084E+02
  2.64449E+02  2.67481E+02  2.78064E+02
  2.64492E+02  2.67500E+02  2.90320E+02
  2.64641E+02  2.67649E+02  3.13085E+02
  2.64665E+02  2.67706E+02  3.16578E+02
  2.64567E+02  2.67604E+02  3.12503E+02
  2.64522E+02  2.67559E+02  3.06210E+02
  2.64496E+02  2.67533E+02  2.99970E+02
  2.64483E+02  2.67520E+02  2.94687E+02
  2.64475E+02  2.67510E+02  2.90807E+02
  2.64469E+02  2.67501E+02  2.88008E+02
  2.64467E+02  2.67500E+02  2.86002E+02
  2.64487E+02  2.67514E+02  2.89314E+02
  2.64495E+02  2.67531E+02  2.89688E+02
  2.64509E+02  2.67537E+02  2.95866E+02
  2.64501E+02  2.67540E+02  2.96865E+02
  2.64489E+02  2.67527E+02  2.95803E+02
  2.64479E+02  2.67515E+02  2.94138E+02
  2.64475E+02  2.67511E+02  2.92471E+02
  2.64469E+02  2.67504E+02  2.91009E+02
  2.64467E+02  2.67502E+02  2.89793E+02
  2.64466E+02  2.67501E+02  2.88800E+02
  2.64466E+02  2.67501E+02  2.87988E+02
  2.64465E+02  2.67501E+02  2.87359E+02
  2.64465E+02  2.67502E+02  2.86921E+02
  2.64456E+02  2.67494E+02  2.86589E+02
  2.64455E+02  2.67493E+02  2.86313E+02
  2.64455E+02  2.67493E+02  2.86066E+02
  2.64454E+02  2.67493E+02  2.85831E+02
  2.64454E+02  2.67493E+02  2.85600E+02
  2.64454E+02  2.67493E+02  2.85373E+02
  2.64454E+02  2.67493E+02  2.85152E+02
  2.64454E+02  2.67493E+02  2.84928E+02
  2.64454E+02  2.67492E+02  2.84699E+02
  2.64454E+02  2.67492E+02  2.84463E+02
  2.64454E+02  2.67492E+02  2.84224E+02
  2.64462E+02  2.67494E+02  2.84116E+02
  2.64457E+02  2.67493E+02  2.84109E+02
  2.64463E+02  2.67496E+02  2.85533E+02
  2.64463E+02  2.67501E+02  2.86016E+02
  2.64461E+02  2.67502E+02  2.86066E+02
  2.64465E+02  2.67501E+02  2.87883E+02
  2.64511E+02  2.67538E+02  2.98206E+02
  2.64537E+02  2.67574E+02  3.08698E+02
  2.64521E+02  2.67569E+02  3.11080E+02
  2.64503E+02  2.67553E+02  3.10142E+02
  2.64490E+02  2.67539E+02  3.08118E+02
  2.64481E+02  2.67527E+02  3.05951E+02
  2.64477E+02  2.67524E+02  3.04054E+02
  2.64475E+02  2.67523E+02  3.02513E+02
  2.64470E+02  2.67516E+02  3.01252E+02
  2.64469E+02  2.67514E+02  3.00199E+02
  2.64468E+02  2.67513E+02  2.99292E+02
  2.64468E+02  2.67513E+02  2.98487E+02
  2.64461E+02  2.67511E+02  2.97753E+02
  2.64457E+02  2.67504E+02  2.97068E+02
  2.64457E+02  2.67502E+02  2.96419E+02
  2.64456E+02  2.67502E+02  2.95797E+02
  2.64456E+02  2.67501E+02  2.95198E+02
  2.64456E+02  2.67501E+02  2.94617E+02
  2.64456E+02  2.67500E+02  2.94053E+02
  2.64456E+02  2.67500E+02  2.93503E+02
  2.64456E+02  2.67499E+02  2.92968E+02
  2.64456E+02  2.67499E+02  2.92447E+02
  2.64455E+02  2.67498E+02  2.91940E+02
  2.64455E+02  2.67498E+02  2.91445E+02
  2.64455E+02  2.67498E+02  2.90962E+02
  2.64455E+02  2.67497E+02  2.90494E+02
  2.64455E+02  2.67497E+02  2.90036E+02
  2.64455E+02  2.67496E+02  2.89592E+02
  2.64455E+02  2.67496E+02  2.89160E+02
  2.64455E+02  2.67496E+02  2.88737E+02
  2.64455E+02  2.67495E+02  2.88326E+02
  2.64455E+02  2.67495E+02  2.87926E+02
  2.64455E+02  2.67495E+02  2.87538E+02
  2.64454E+02  2.67494E+02  2.87160E+02
  2.64454E+02  2.67494E+02  2.86789E+02
  2.64451E+02  2.67487E+02  2.86430E+02
  2.64454E+02  2.67492E+02  2.86078E+02
  2.64451E+02  2.67487E+02  2.85735E+02
  2.64454E+02  2.67492E+02  2.85401E+02
  2.64451E+02  2.67486E+02  2.85076E+02
  2.64451E+02  2.67485E+02  2.84758E+02
  2.64451E+02  2.67485E+02  2.84449E+02
  2.64451E+02  2.67485E+02  2.84149E+02
  2.64450E+02  2.67484E+02  2.83862E+02
  2.64450E+02  2.67484E+02  2.83587E+02
  2.64450E+02  2.67484E+02  2.83321E+02
  2.64450E+02  2.67484E+02  2.83064E+02
  2.64450E+02  2.67483E+02  2.82814E+02
  2.64450E+02  2.67483E+02  2.82571E+02
  2.64450E+02  2.67483E+02  2.82335E+02
  2.64450E+02  2.67483E+02  2.82105E+02
  2.64450E+02  2.67483E+02  2.81881E+02
  2.64450E+02  2.67483E+02  2.81663E+02
  2.64450E+02  2.67482E+02  2.81456E+02
  2.64450E+02  2.67482E+02  2.81271E+02
  2.64450E+02  2.67482E+02  2.81101E+02
  2.64461E+02  2.67497E+02  2.80944E+02
  2.64451E+02  2.67484E+02  2.80795E+02
  2.64453E+02  2.67489E+02  2.80653E+02
  2.64450E+02  2.67483E+02  2.80522E+02
  2.64450E+02  2.67482E+02  2.80403E+02
  2.64450E+02  2.67482E+02  2.80294E+02
  2.64450E+02  2.67482E+02  2.80190E+02
  2.64450E+02  2.67482E+02  2.80092E+02
  2.64450E+02  2.67482E+02  2.79997E+02
  2.64450E+02  2.67482E+02  2.79905E+02
  2.64450E+02  2.67482E+02  2.79816E+02
  2.64450E+02  2.67482E+02  2.79730E+02
  2.64450E+02  2.67482E+02  2.79645E+02
  2.64450E+02  2.67482E+02  2.79563E+02
  2.64458E+02  2.67490E+02  2.79483E+02
  2.64451E+02  2.67483E+02  2.79404E+02
  2.64450E+02  2.67482E+02  2.79327E+02
  2.64450E+02  2.67482E+02  2.79251E+02
  2.64449E+02  2.67482E+02  2.79177E+02
  2.64449E+02  2.67482E+02  2.79105E+02
  2.64449E+02  2.67482E+02  2.79033E+02
  2.64449E+02  2.67482E+02  2.78964E+02
  2.64449E+02  2.67482E+02  2.78895E+02
  2.64449E+02  2.67482E+02  2.78828E+02
  2.64449E+02  2.67482E+02  2.78762E+02
  2.64449E+02  2.67482E+02  2.78698E+02
  2.64449E+02  2.67482E+02  2.78637E+02
  2.64449E+02  2.67482E+02  2.78595E+02
  2.64449E+02  2.67482E+02  2.78564E+02
  2.64461E+02  2.67496E+02  2.78540E+02
  2.64451E+02  2.67484E+02  2.78518E+02
  2.64450E+02  2.67482E+02  2.78498E+02
  2.64449E+02  2.67482E+02  2.78479E+02
  2.64449E+02  2.67482E+02  2.78461E+02
  2.64449E+02  2.67482E+02  2.78443E+02
  2.64449E+02  2.67482E+02  2.78425E+02
  2.64449E+02  2.67482E+02  2.78407E+02
  2.64449E+02  2.67482E+02  2.78389E+02
  2.64449E+02  2.67481E+02  2.78371E+02
  2.64449E+02  2.67481E+02  2.78353E+02
  2.64449E+02  2.67481E+02  2.78334E+02
  2.64449E+02  2.67481E+02  2.78315E+02
  2.64449E+02  2.67481E+02  2.78296E+02
  2.64449E+02  2.67481E+02  2.78277E+02
  2.64449E+02  2.67481E+02  2.78257E+02
  2.64449E+02  2.67481E+02  2.78238E+02
  2.64449E+02  2.67481E+02  2.78218E+02
  2.64449E+02  2.67481E+02  2.78198E+02
  2.64449E+02  2.67481E+02  2.78178E+02
  2.64449E+02  2.67481E+02  2.78158E+02
  2.64449E+02  2.67481E+02  2.78138E+02
  2.64449E+02  2.67481E+02  2.78118E+02
  2.64449E+02  2.67481E+02  2.78097E+02
  2.64449E+02  2.67481E+02  2.78077E+02
  2.64449E+02  2.67481E+02  2.78056E+02
  2.64449E+02  2.67481E+02  2.78036E+02
  2.64449E+02  2.67481E+02  2.78015E+02
  2.64449E+02  2.67481E+02  2.77994E+02
  2.64449E+02  2.67481E+02  2.77973E+02
  2.64449E+02  2.67481E+02  2.77952E+02
  2.64449E+02  2.67481E+02  2.77931E+02
  2.64449E+02  2.67481E+02  2.77910E+02
  2.64449E+02  2.67481E+02  2.77889E+02
  2.64449E+02  2.67481E+02  2.77868E+02
  2.64449E+02  2.67481E+02  2.77847E+02
  2.64449E+02  2.67481E+02  2.77826E+02
  2.64449E+02  2.67481E+02  2.77804E+02
  2.64449E+02  2.67481E+02  2.77783E+02
  2.64449E+02  2.67481E+02  2.77762E+02
  2.64449E+02  2.67481E+02  2.77741E+02
  2.64449E+02  2.67481E+02  2.77719E+02
  2.64449E+02  2.67481E+02  2.77698E+02
  2.64449E+02  2.67481E+02  2.77677E+02
  2.64449E+02  2.67481E+02  2.77656E+02
  2.64449E+02  2.67481E+02  2.77634E+02
  2.64449E+02  2.67481E+02  2.77613E+02
  2.64449E+02  2.67481E+02  2.77592E+02
  2.64449E+02  2.67481E+02  2.77571E+02
  2.64449E+02  2.67481E+02  2.77549E+02
  2.64449E+02  2.67480E+02  2.77528E+02
  2.64449E+02  2.67480E+02  2.77507E+02
  2.64449E+02  2.67480E+02  2.77486E+02
  2.64461E+02  2.67495E+02  2.77466E+02
  2.64451E+02  2.67483E+02  2.77445E+02
  2.64449E+02  2.67481E+02  2.77423E+02
  2.64449E+02  2.67480E+02  2.77402E+02
  2.64449E+02  2.67480E+02  2.77380E+02
  2.64449E+02  2.67480E+02  2.77359E+02
  2.64449E+02  2.67480E+02  2.77338E+02
  2.64449E+02  2.67480E+02  2.77317E+02
  2.64449E+02  2.67480E+02  2.77296E+02
  2.64449E+02  2.67480E+02  2.77275E+02
  2.64449E+02  2.67480E+02  2.77255E+02
  2.64449E+02  2.67480E+02  2.77234E+02
  2.64449E+02  2.67480E+02  2.77213E+02
  2.64449E+02  2.67480E+02  2.77193E+02
  2.64449E+02  2.67480E+02  2.77173E+02
  2.64449E+02  2.67480E+02  2.77152E+02
  2.64449E+02  2.67480E+02  2.77132E+02
  2.64449E+02  2.67480E+02  2.77112E+02
  2.64449E+02  2.67480E+02  2.77091E+02
  2.64449E+02  2.67480E+02  2.77071E+02
  2.64449E+02  2.67480E+02  2.77051E+02
  2.64449E+02  2.67480E+02  2.77031E+02
  2.64483E+02  2.67525E+02  2.77016E+02
  2.64472E+02  2.67502E+02  2.78768E+02
  2.64562E+02  2.67567E+02  3.00133E+02
  2.64657E+02  2.67704E+02  3.04522E+02
  2.64557E+02  2.67599E+02  3.01979E+02
  2.64513E+02  2.67548E+02  2.97243E+02
  2.64488E+02  2.67522E+02  2.92363E+02
  2.64477E+02  2.67509E+02  2.88110E+02
  2.64469E+02  2.67500E+02  2.84691E+02
  2.64467E+02  2.67498E+02  2.82288E+02
  2.64462E+02  2.67491E+02  2.80635E+02
  2.64461E+02  2.67490E+02  2.79514E+02
  2.64460E+02  2.67490E+02  2.78762E+02
  2.64460E+02  2.67490E+02  2.78261E+02
  2.64454E+02  2.67488E+02  2.77929E+02
  2.64453E+02  2.67488E+02  2.77710E+02
  2.64453E+02  2.67488E+02  2.77565E+02
  2.64453E+02  2.67488E+02  2.77470E+02
  2.64452E+02  2.67488E+02  2.77409E+02
  2.64452E+02  2.67488E+02  2.77370E+02
  2.64450E+02  2.67481E+02  2.77343E+02
  2.64452E+02  2.67487E+02  2.77323E+02
  2.64449E+02  2.67481E+02  2.77307E+02
  2.64449E+02  2.67480E+02  2.77294E+02
  2.64449E+02  2.67480E+02  2.77282E+02
  2.64452E+02  2.67486E+02  2.77271E+02
  2.64449E+02  2.67481E+02  2.77260E+02
  2.64449E+02  2.67480E+02  2.77249E+02
  2.64449E+02  2.67480E+02  2.77237E+02
  2.64449E+02  2.67480E+02  2.77225E+02
  2.64449E+02  2.67480E+02  2.77213E+02
  2.64449E+02  2.67480E+02  2.77201E+02
  2.64449E+02  2.67480E+02  2.77188E+02
  2.64449E+02  2.67480E+02  2.77175E+02
  2.64449E+02  2.67480E+02  2.77161E+02
  2.64449E+02  2.67480E+02  2.77147E+02
  2.64449E+02  2.67480E+02  2.77133E+02
  2.64449E+02  2.67480E+02  2.77119E+02
  2.64449E+02  2.67480E+02  2.77104E+02
  2.64449E+02  2.67480E+02  2.77090E+02
  2.64449E+02  2.67480E+02  2.77075E+02
  2.64449E+02  2.67480E+02  2.77060E+02
  2.64449E+02  2.67480E+02  2.77045E+02
  2.64449E+02  2.67480E+02  2.77031E+02
  2.64449E+02  2.67480E+02  2.77016E+02
  2.64449E+02  2.67480E+02  2.77001E+02
  2.64449E+02  2.67480E+02  2.76986E+02
  2.64449E+02  2.67480E+02  2.76971E+02
  2.64449E+02  2.67480E+02  2.76956E+02
  2.64449E+02  2.67480E+02  2.76941E+02
  2.64449E+02  2.67480E+02  2.76926E+02
  2.64449E+02  2.67480E+02  2.76910E+02
  2.64449E+02  2.67480E+02  2.76895E+02
  2.64449E+02  2.67480E+02  2.76879E+02
  2.64449E+02  2.67480E+02  2.76864E+02
  2.64449E+02  2.67480E+02  2.76848E+02
  2.64449E+02  2.67480E+02  2.76833E+02
  2.64449E+02  2.67480E+02  2.76817E+02
  2.64449E+02  2.67480E+02  2.76801E+02
  2.64449E+02  2.67480E+02  2.76785E+02
  2.64449E+02  2.67480E+02  2.76770E+02
  2.64449E+02  2.67480E+02  2.76754E+02
  2.64449E+02  2.67480E+02  2.76738E+02
  2.64449E+02  2.67480E+02  2.76722E+02
  2.64449E+02  2.67480E+02  2.76706E+02
  2.64449E+02  2.67480E+02  2.76690E+02
  2.64449E+02  2.67480E+02  2.76674E+02
  2.64449E+02  2.67480E+02  2.76658E+02
  2.64449E+02  2.67479E+02  2.76642E+02
  2.64449E+02  2.67479E+02  2.76626E+02
  2.64449E+02  2.67479E+02  2.76610E+02
  2.64452E+02  2.67486E+02  2.76595E+02
  2.64449E+02  2.67480E+02  2.76579E+02
  2.64449E+02  2.67480E+02  2.76563E+02
  2.64449E+02  2.67479E+02  2.76547E+02
  2.64449E+02  2.67479E+02  2.76531E+02
  2.64449E+02  2.67479E+02  2.76515E+02
  2.64457E+02  2.67488E+02  2.76500E+02
  2.64450E+02  2.67481E+02  2.76484E+02
  2.64449E+02  2.67480E+02  2.76468E+02
  2.64449E+02  2.67479E+02  2.76452E+02
  2.64449E+02  2.67479E+02  2.76436E+02
  2.64449E+02  2.67479E+02  2.76420E+02
  2.64449E+02  2.67479E+02  2.76404E+02
  2.64449E+02  2.67479E+02  2.76389E+02
  2.64449E+02  2.67479E+02  2.76373E+02
  2.64449E+02  2.67479E+02  2.76357E+02
  2.64449E+02  2.67479E+02  2.76342E+02
  2.64449E+02  2.67479E+02  2.76326E+02
  2.64449E+02  2.67479E+02  2.76311E+02
  2.64449E+02  2.67479E+02  2.76295E+02
  2.64449E+02  2.67479E+02  2.76280E+02
  2.64449E+02  2.67479E+02  2.76264E+02
  2.64449E+02  2.67479E+02  2.76249E+02
  2.64449E+02  2.67479E+02  2.76233E+02
  2.64449E+02  2.67479E+02  2.76218E+02
  2.64449E+02  2.67479E+02  2.76203E+02
  2.64449E+02  2.67479E+02  2.76188E+02
  2.64449E+02  2.67479E+02  2.76172E+02
  2.64449E+02  2.67479E+02  2.76157E+02
  2.64449E+02  2.67479E+02  2.76142E+02
  2.64449E+02  2.67479E+02  2.76127E+02
  2.64449E+02  2.67479E+02  2.76112E+02
  2.64449E+02  2.67479E+02  2.76097E+02
  2.64449E+02  2.67479E+02  2.76082E+02
  2.64449E+02  2.67479E+02  2.76067E+02
  2.64449E+02  2.67479E+02  2.76052E+02
  2.64449E+02  2.67479E+02  2.76038E+02
  2.64449E+02  2.67479E+02  2.76023E+02
  2.64449E+02  2.67479E+02  2.76008E+02
  2.64449E+02  2.67479E+02  2.75993E+02
  2.64449E+02  2.67479E+02  2.75979E+02
  2.64449E+02  2.67479E+02  2.75964E+02
  2.64449E+02  2.67479E+02  2.75950E+02
  2.64449E+02  2.67479E+02  2.75935E+02
  2.64449E+02  2.67479E+02  2.75921E+02
  2.64449E+02  2.67479E+02  2.75906E+02
  2.64449E+02  2.67479E+02  2.75892E+02
  2.64449E+02  2.67479E+02  2.75878E+02
  2.64449E+02  2.67479E+02  2.75864E+02
  2.64459E+02  2.67480E+02  2.78659E+02
  2.64512E+02  2.67537E+02  2.83876E+02
  2.64485E+02  2.67509E+02  2.85154E+02
  2.64474E+02  2.67502E+02  2.84022E+02
  2.64466E+02  2.67492E+02  2.82225E+02
  2.64457E+02  2.67488E+02  2.80546E+02
  2.64452E+02  2.67481E+02  2.79187E+02
  2.64450E+02  2.67479E+02  2.78160E+02
  2.64450E+02  2.67479E+02  2.77414E+02
  2.64449E+02  2.67479E+02  2.76886E+02
  2.64449E+02  2.67479E+02  2.76518E+02
  2.64449E+02  2.67479E+02  2.76262E+02
  2.64449E+02  2.67479E+02  2.76085E+02
  2.64449E+02  2.67479E+02  2.75962E+02
  2.64449E+02  2.67479E+02  2.75875E+02
  2.64449E+02  2.67479E+02  2.75813E+02
  2.64449E+02  2.67479E+02  2.75768E+02
  2.64449E+02  2.67479E+02  2.75733E+02
  2.64449E+02  2.67479E+02  2.75706E+02
  2.64449E+02  2.67479E+02  2.75683E+02
  2.64449E+02  2.67479E+02  2.75664E+02
  2.64449E+02  2.67479E+02  2.75647E+02
  2.64449E+02  2.67479E+02  2.75631E+02
  2.64449E+02  2.67479E+02  2.75616E+02
  2.64449E+02  2.67479E+02  2.75602E+02
  2.64449E+02  2.67479E+02  2.75588E+02
  2.64449E+02  2.67479E+02  2.75575E+02
  2.64449E+02  2.67479E+02  2.75562E+02
  2.64449E+02  2.67479E+02  2.75549E+02
  2.64449E+02  2.67479E+02  2.75536E+02
  2.64449E+02  2.67479E+02  2.75523E+02
  2.64449E+02  2.67479E+02  2.75510E+02
  2.64449E+02  2.67479E+02  2.75498E+02
  2.64449E+02  2.67479E+02  2.75485E+02
  2.64449E+02  2.67479E+02  2.75472E+02
  2.64449E+02  2.67479E+02  2.75460E+02
  2.64449E+02  2.67479E+02  2.75447E+02
  2.64449E+02  2.67479E+02  2.75435E+02
  2.64449E+02  2.67479E+02  2.75423E+02
  2.64449E+02  2.67479E+02  2.75410E+02
  2.64449E+02  2.67478E+02  2.75398E+02
  2.64448E+02  2.67478E+02  2.75386E+02
  2.64448E+02  2.67478E+02  2.75373E+02
  2.64448E+02  2.67478E+02  2.75361E+02
  2.64448E+02  2.67478E+02  2.75349E+02
  2.64448E+02  2.67478E+02  2.75337E+02
  2.64448E+02  2.67478E+02  2.75325E+02
  2.64448E+02  2.67478E+02  2.75313E+02
  2.64448E+02  2.67478E+02  2.75301E+02
  2.64448E+02  2.67478E+02  2.75289E+02
  2.64448E+02  2.67478E+02  2.75277E+02
  2.64448E+02  2.67478E+02  2.75265E+02
  2.64448E+02  2.67478E+02  2.75253E+02
  2.64448E+02  2.67478E+02  2.75241E+02
  2.64448E+02  2.67478E+02  2.75229E+02
  2.64448E+02  2.67478E+02  2.75217E+02
  2.64448E+02  2.67478E+02  2.75206E+02
  2.64448E+02  2.67478E+02  2.75194E+02
  2.64460E+02  2.67493E+02  2.75184E+02
  2.64450E+02  2.67480E+02  2.75172E+02
  2.64449E+02  2.67479E+02  2.75160E+02
  2.64448E+02  2.67478E+02  2.75148E+02
  2.64448E+02  2.67478E+02  2.75137E+02
  2.64448E+02  2.67478E+02  2.75125E+02
  2.64448E+02  2.67478E+02  2.75114E+02
  2.64448E+02  2.67478E+02  2.75102E+02
  2.64448E+02  2.67478E+02  2.75091E+02
  2.64448E+02  2.67478E+02  2.75079E+02
  2.64448E+02  2.67478E+02  2.75068E+02
  2.64448E+02  2.67478E+02  2.75057E+02
  2.64448E+02  2.67478E+02  2.75046E+02
  2.64448E+02  2.67478E+02  2.75035E+02
  2.64450E+02  2.67478E+02  2.75024E+02
  2.64458E+02  2.67487E+02  2.75014E+02
  2.64450E+02  2.67479E+02  2.75003E+02
  2.64449E+02  2.67478E+02  2.74991E+02
  2.64449E+02  2.67478E+02  2.74980E+02
  2.64448E+02  2.67478E+02  2.74969E+02
  2.64448E+02  2.67478E+02  2.74958E+02
  2.64448E+02  2.67478E+02  2.74947E+02
  2.64448E+02  2.67478E+02  2.74936E+02
  2.64448E+02  2.67478E+02  2.74926E+02
  2.64448E+02  2.67478E+02  2.74915E+02
  2.64448E+02  2.67478E+02  2.74904E+02
  2.64448E+02  2.67478E+02  2.74893E+02
  2.64448E+02  2.67478E+02  2.74883E+02
  2.64448E+02  2.67478E+02  2.74872E+02
  2.64448E+02  2.67478E+02  2.74862E+02
  2.64448E+02  2.67478E+02  2.74851E+02
  2.64448E+02  2.67478E+02  2.74841E+02
  2.64448E+02  2.67478E+02  2.74830E+02
  2.64448E+02  2.67478E+02  2.74820E+02
  2.64448E+02  2.67478E+02  2.74810E+02
  2.64448E+02  2.67478E+02  2.74799E+02
  2.64448E+02  2.67478E+02  2.74789E+02
  2.64448E+02  2.67478E+02  2.74779E+02
  2.64448E+02  2.67478E+02  2.74769E+02
  2.64448E+02  2.67478E+02  2.74759E+02
  2.64448E+02  2.67478E+02  2.74749E+02
  2.64448E+02  2.67478E+02  2.74739E+02
  2.64448E+02  2.67478E+02  2.74729E+02
  2.64448E+02  2.67478E+02  2.74719E+02
  2.64448E+02  2.67478E+02  2.74709E+02
  2.64448E+02  2.67478E+02  2.74699E+02
  2.64448E+02  2.67478E+02  2.74689E+02
  2.64448E+02  2.67478E+02  2.74679E+02
  2.64448E+02  2.67478E+02  2.74669E+02
  2.64448E+02  2.67478E+02  2.74660E+02
  2.64448E+02  2.67478E+02  2.74650E+02
  2.64448E+02  2.67478E+02  2.74641E+02
  2.64448E+02  2.67478E+02  2.74631E+02
  2.64448E+02  2.67478E+02  2.74622E+02
  2.64448E+02  2.67478E+02  2.74612E+02
  2.64448E+02  2.67478E+02  2.74603E+02
  2.64448E+02  2.67478E+02  2.74594E+02
  2.64448E+02  2.67478E+02  2.74584E+02
  2.64448E+02  2.67478E+02  2.74575E+02
  2.64448E+02  2.67478E+02  2.74566E+02
  2.64448E+02  2.67478E+02  2.74557E+02
  2.64448E+02  2.67478E+02  2.74548E+02
  2.64450E+02  2.67478E+02  2.74699E+02
  2.64493E+02  2.67511E+02  2.78069E+02
  2.64502E+02  2.67509E+02  2.83071E+02
  2.64494E+02  2.67516E+02  2.83478E+02
  2.64482E+02  2.67507E+02  2.82140E+02
  2.64466E+02  2.67496E+02  2.80399E+02
  2.64461E+02  2.67494E+02  2.78845E+02
  2.64456E+02  2.67487E+02  2.77607E+02
  2.64454E+02  2.67486E+02  2.76678E+02
  2.64453E+02  2.67485E+02  2.76005E+02
  2.64450E+02  2.67479E+02  2.75528E+02
  2.64449E+02  2.67478E+02  2.75194E+02
  2.64449E+02  2.67478E+02  2.74963E+02
  2.64449E+02  2.67478E+02  2.74803E+02
  2.64448E+02  2.67478E+02  2.74692E+02
  2.64448E+02  2.67478E+02  2.74614E+02
  2.64448E+02  2.67478E+02  2.74560E+02
  2.64448E+02  2.67478E+02  2.74521E+02
  2.64448E+02  2.67478E+02  2.74492E+02
  2.64462E+02  2.67483E+02  2.77002E+02
  2.64526E+02  2.67537E+02  2.86597E+02
  2.64592E+02  2.67599E+02  3.05336E+02
  2.64597E+02  2.67627E+02  3.08196E+02
  2.64542E+02  2.67574E+02  3.04427E+02
  2.64508E+02  2.67542E+02  2.98738E+02
  2.64489E+02  2.67520E+02  2.93137E+02
  2.64481E+02  2.67514E+02  2.88353E+02
  2.64474E+02  2.67506E+02  2.84536E+02
  2.64470E+02  2.67504E+02  2.81729E+02
  2.64466E+02  2.67497E+02  2.79801E+02
  2.64464E+02  2.67496E+02  2.78498E+02
  2.64463E+02  2.67495E+02  2.77629E+02
  2.64460E+02  2.67489E+02  2.77054E+02
  2.64454E+02  2.67486E+02  2.76680E+02
  2.64453E+02  2.67486E+02  2.76439E+02
  2.64452E+02  2.67486E+02  2.76286E+02
  2.64452E+02  2.67486E+02  2.76192E+02
  2.64452E+02  2.67486E+02  2.76135E+02
  2.64452E+02  2.67486E+02  2.76103E+02
  2.64452E+02  2.67486E+02  2.76087E+02
  2.64452E+02  2.67486E+02  2.76081E+02
  2.64452E+02  2.67486E+02  2.76080E+02
  2.64452E+02  2.67486E+02  2.76084E+02
  2.64449E+02  2.67479E+02  2.76088E+02
  2.64452E+02  2.67485E+02  2.76094E+02
  2.64449E+02  2.67479E+02  2.76100E+02
  2.64449E+02  2.67479E+02  2.76106E+02
  2.64449E+02  2.67478E+02  2.76112E+02
  2.64449E+02  2.67478E+02  2.76117E+02
  2.64449E+02  2.67478E+02  2.76122E+02
  2.64449E+02  2.67478E+02  2.76126E+02
  2.64449E+02  2.67478E+02  2.76129E+02
  2.64449E+02  2.67478E+02  2.76132E+02
  2.64449E+02  2.67478E+02  2.76134E+02
  2.64449E+02  2.67478E+02  2.76135E+02
  2.64449E+02  2.67478E+02  2.76136E+02
  2.64449E+02  2.67478E+02  2.76136E+02
  2.64449E+02  2.67478E+02  2.76136E+02
  2.64449E+02  2.67478E+02  2.76135E+02
  2.64449E+02  2.67478E+02  2.76133E+02
  2.64449E+02  2.67478E+02  2.76131E+02
  2.64449E+02  2.67478E+02  2.76129E+02
  2.64449E+02  2.67478E+02  2.76126E+02
  2.64449E+02  2.67478E+02  2.76122E+02
  2.64449E+02  2.67478E+02  2.76118E+02
  2.64449E+02  2.67478E+02  2.76114E+02
  2.64449E+02  2.67478E+02  2.76109E+02
  2.64449E+02  2.67478E+02  2.76104E+02
  2.64449E+02  2.67478E+02  2.76099E+02
  2.64449E+02  2.67478E+02  2.76093E+02
  2.64449E+02  2.67478E+02  2.76087E+02
  2.64449E+02  2.67478E+02  2.76080E+02
  2.64449E+02  2.67478E+02  2.76073E+02
  2.64449E+02  2.67478E+02  2.76066E+02
  2.64449E+02  2.67478E+02  2.76059E+02
  2.64449E+02  2.67478E+02  2.76051E+02
  2.64449E+02  2.67478E+02  2.76043E+02
  2.64449E+02  2.67478E+02  2.76035E+02
  2.64449E+02  2.67478E+02  2.76027E+02
  2.64449E+02  2.67478E+02  2.76018E+02
  2.64449E+02  2.67478E+02  2.76009E+02
  2.64449E+02  2.67478E+02  2.76000E+02
  2.64449E+02  2.67478E+02  2.75991E+02
  2.64449E+02  2.67478E+02  2.75981E+02
  2.64449E+02  2.67478E+02  2.75971E+02
  2.64449E+02  2.67478E+02  2.75962E+02
  2.64449E+02  2.67478E+02  2.75952E+02
  2.64449E+02  2.67478E+02  2.75942E+02
  2.64449E+02  2.67478E+02  2.75931E+02
  2.64449E+02  2.67478E+02  2.75921E+02
  2.64449E+02  2.67478E+02  2.75910E+02
  2.64448E+02  2.67478E+02  2.75900E+02
  2.64448E+02  2.67478E+02  2.75889E+02
  2.64448E+02  2.67478E+02  2.75878E+02
  2.64448E+02  2.67478E+02  2.75867E+02
  2.64448E+02  2.67478E+02  2.75855E+02
  2.64448E+02  2.67478E+02  2.75844E+02
  2.64448E+02  2.67478E+02  2.75833E+02
  2.64448E+02  2.67478E+02  2.75822E+02
  2.64448E+02  2.67478E+02  2.75810E+02
  2.64448E+02  2.67478E+02  2.75798E+02
  2.64448E+02  2.67478E+02  2.75786E+02
  2.64448E+02  2.67478E+02  2.75775E+02
  2.64448E+02  2.67478E+02  2.75763E+02
  2.64448E+02  2.67478E+02  2.75751E+02
  2.64448E+02  2.67478E+02  2.75739E+02
  2.64448E+02  2.67478E+02  2.75727E+02
  2.64448E+02  2.67478E+02  2.75715E+02
  2.64448E+02  2.67478E+02  2.75703E+02
  2.64461E+02  2.67480E+02  2.79342E+02
  2.64529E+02  2.67562E+02  2.83820E+02
  2.64489E+02  2.67523E+02  2.84017E+02
  2.64473E+02  2.67501E+02  2.82646E+02
  2.64465E+02  2.67491E+02  2.81017E+02
  2.64456E+02  2.67487E+02  2.79573E+02
  2.64451E+02  2.67480E+02  2.78429E+02
  2.64450E+02  2.67479E+02  2.77577E+02
  2.64449E+02  2.67478E+02  2.76963E+02
  2.64449E+02  2.67478E+02  2.76531E+02
  2.64449E+02  2.67478E+02  2.76229E+02
  2.64449E+02  2.67478E+02  2.76020E+02
  2.64449E+02  2.67478E+02  2.75876E+02
  2.64449E+02  2.67478E+02  2.75775E+02
  2.64448E+02  2.67478E+02  2.75703E+02
  2.64448E+02  2.67478E+02  2.75652E+02
  2.64448E+02  2.67478E+02  2.75613E+02
  2.64448E+02  2.67478E+02  2.75584E+02
  2.64448E+02  2.67478E+02  2.75560E+02
  2.64448E+02  2.67478E+02  2.75540E+02
  2.64448E+02  2.67478E+02  2.75523E+02
  2.64448E+02  2.67478E+02  2.75507E+02
  2.64448E+02  2.67478E+02  2.75492E+02
  2.64448E+02  2.67478E+02  2.75479E+02
  2.64448E+02  2.67478E+02  2.75465E+02
  2.64448E+02  2.67478E+02  2.75452E+02
  2.64448E+02  2.67478E+02  2.75440E+02
  2.64448E+02  2.67478E+02  2.75427E+02
  2.64477E+02  2.67489E+02  2.83541E+02
  2.64541E+02  2.67573E+02  2.87031E+02
  2.64497E+02  2.67526E+02  2.86397E+02
  2.64477E+02  2.67509E+02  2.84339E+02
  2.64466E+02  2.67492E+02  2.82085E+02
  2.64462E+02  2.67489E+02  2.80211E+02
  2.64455E+02  2.67486E+02  2.78775E+02
  2.64450E+02  2.67479E+02  2.77724E+02
  2.64449E+02  2.67478E+02  2.76976E+02
  2.64449E+02  2.67478E+02  2.76454E+02
  2.64449E+02  2.67478E+02  2.76092E+02
  2.64449E+02  2.67478E+02  2.75843E+02
  2.64449E+02  2.67478E+02  2.75671E+02
  2.64448E+02  2.67478E+02  2.75552E+02
  2.64454E+02  2.67480E+02  2.75469E+02
  2.64449E+02  2.67478E+02  2.75410E+02
  2.64448E+02  2.67478E+02  2.75366E+02
  2.64448E+02  2.67478E+02  2.75333E+02
  2.64448E+02  2.67478E+02  2.75307E+02
  2.64448E+02  2.67478E+02  2.75286E+02
  2.64454E+02  2.67480E+02  2.75269E+02
  2.64449E+02  2.67478E+02  2.75253E+02
  2.64448E+02  2.67478E+02  2.75238E+02
  2.64448E+02  2.67478E+02  2.75224E+02
  2.64448E+02  2.67478E+02  2.75211E+02
  2.64448E+02  2.67478E+02  2.75198E+02
  2.64448E+02  2.67478E+02  2.75186E+02
  2.64448E+02  2.67478E+02  2.75174E+02
  2.64448E+02  2.67478E+02  2.75162E+02
  2.64448E+02  2.67478E+02  2.75150E+02
  2.64448E+02  2.67478E+02  2.75138E+02
  2.64448E+02  2.67478E+02  2.75126E+02
  2.64448E+02  2.67478E+02  2.75114E+02
  2.64448E+02  2.67478E+02  2.75103E+02
  2.64448E+02  2.67478E+02  2.75091E+02
  2.64448E+02  2.67478E+02  2.75079E+02
  2.64448E+02  2.67478E+02  2.75068E+02
  2.64448E+02  2.67478E+02  2.75056E+02
  2.64448E+02  2.67478E+02  2.75045E+02
  2.64448E+02  2.67478E+02  2.75033E+02
  2.64448E+02  2.67478E+02  2.75022E+02
  2.64448E+02  2.67478E+02  2.75010E+02
  2.64448E+02  2.67478E+02  2.74999E+02
  2.64448E+02  2.67478E+02  2.74988E+02
  2.64448E+02  2.67478E+02  2.74976E+02
  2.64448E+02  2.67478E+02  2.74965E+02
  2.64448E+02  2.67478E+02  2.74954E+02
  2.64448E+02  2.67478E+02  2.74942E+02
  2.64448E+02  2.67478E+02  2.74931E+02
  2.64448E+02  2.67478E+02  2.74920E+02
  2.64485E+02  2.67518E+02  2.74914E+02
  2.64462E+02  2.67491E+02  2.74903E+02
  2.64459E+02  2.67488E+02  2.74892E+02
  2.64450E+02  2.67479E+02  2.74879E+02
  2.64448E+02  2.67478E+02  2.74867E+02
  2.64454E+02  2.67480E+02  2.74856E+02
  2.64455E+02  2.67480E+02  2.74845E+02
  2.64449E+02  2.67478E+02  2.74833E+02
  2.64448E+02  2.67478E+02  2.74822E+02
  2.64448E+02  2.67478E+02  2.74811E+02
  2.64448E+02  2.67478E+02  2.74800E+02
  2.64448E+02  2.67478E+02  2.74789E+02
  2.64448E+02  2.67478E+02  2.74778E+02
  2.64448E+02  2.67478E+02  2.74767E+02
  2.64448E+02  2.67478E+02  2.74757E+02
  2.64448E+02  2.67478E+02  2.74746E+02
  2.64448E+02  2.67478E+02  2.74735E+02
  2.64448E+02  2.67478E+02  2.74725E+02
  2.64448E+02  2.67478E+02  2.74715E+02
  2.64448E+02  2.67478E+02  2.74704E+02
  2.64448E+02  2.67478E+02  2.74694E+02
  2.64448E+02  2.67478E+02  2.74684E+02
  2.64448E+02  2.67478E+02  2.74673E+02
  2.64448E+02  2.67478E+02  2.74663E+02
  2.64448E+02  2.67478E+02  2.74653E+02
  2.64448E+02  2.67478E+02  2.74643E+02
  2.64448E+02  2.67478E+02  2.74633E+02
  2.64448E+02  2.67478E+02  2.74624E+02
  2.64448E+02  2.67478E+02  2.74614E+02
  2.64448E+02  2.67478E+02  2.74604E+02
  2.64448E+02  2.67478E+02  2.74594E+02
  2.64448E+02  2.67478E+02  2.74585E+02
  2.64448E+02  2.67478E+02  2.74575E+02
  2.64448E+02  2.67478E+02  2.74566E+02
  2.64448E+02  2.67478E+02  2.74556E+02
  2.64448E+02  2.67478E+02  2.74547E+02
  2.64448E+02  2.67478E+02  2.74538E+02
  2.64448E+02  2.67478E+02  2.74529E+02
  2.64448E+02  2.67478E+02  2.74519E+02
  2.64448E+02  2.67478E+02  2.74510E+02
  2.64448E+02  2.67478E+02  2.74501E+02
  2.64448E+02  2.67478E+02  2.74492E+02
  2.64448E+02  2.67478E+02  2.74483E+02
  2.64448E+02  2.67478E+02  2.74474E+02
  2.64448E+02  2.67478E+02  2.74465E+02
  2.64448E+02  2.67478E+02  2.74457E+02
  2.64448E+02  2.67478E+02  2.74448E+02
  2.64448E+02  2.67478E+02  2.74439E+02
  2.64448E+02  2.67478E+02  2.74430E+02
  2.64448E+02  2.67478E+02  2.74422E+02
  2.64448E+02  2.67478E+02  2.74413E+02
  2.64448E+02  2.67478E+02  2.74405E+02
  2.64448E+02  2.67478E+02  2.74396E+02
  2.64448E+02  2.67478E+02  2.74388E+02
  2.64448E+02  2.67478E+02  2.74380E+02
  2.64448E+02  2.67478E+02  2.74371E+02
  2.64448E+02  2.67478E+02  2.74363E+02
  2.64448E+02  2.67478E+02  2.74355E+02
  2.64448E+02  2.67478E+02  2.74347E+02
  2.64448E+02  2.67478E+02  2.74338E+02
  2.64448E+02  2.67478E+02  2.74330E+02
  2.64448E+02  2.67478E+02  2.74322E+02
  2.64448E+02  2.67478E+02  2.74314E+02
  2.64448E+02  2.67477E+02  2.74306E+02
  2.64448E+02  2.67477E+02  2.74299E+02
  2.64448E+02  2.67477E+02  2.74291E+02
  2.64448E+02  2.67477E+02  2.74283E+02
  2.64448E+02  2.67477E+02  2.74275E+02
  2.64448E+02  2.67477E+02  2.74267E+02
  2.64448E+02  2.67477E+02  2.74260E+02
  2.64448E+02  2.67477E+02  2.74252E+02
  2.64448E+02  2.67477E+02  2.74244E+02
  2.64448E+02  2.67477E+02  2.74237E+02
  2.64448E+02  2.67477E+02  2.74229E+02
  2.64448E+02  2.67477E+02  2.74222E+02
  2.64448E+02  2.67477E+02  2.74214E+02
  2.64448E+02  2.67477E+02  2.74207E+02
  2.64448E+02  2.67477E+02  2.74200E+02
  2.64448E+02  2.67477E+02  2.74192E+02
  2.64448E+02  2.67477E+02  2.74185E+02
  2.64448E+02  2.67477E+02  2.74178E+02
  2.64448E+02  2.67477E+02  2.74170E+02
  2.64448E+02  2.67477E+02  2.74163E+02
  2.64448E+02  2.67477E+02  2.74156E+02
  2.64448E+02  2.67477E+02  2.74149E+02
  2.64448E+02  2.67477E+02  2.74142E+02
  2.64448E+02  2.67477E+02  2.74135E+02
  2.64448E+02  2.67477E+02  2.74128E+02
  2.64448E+02  2.67477E+02  2.74121E+02
  2.64448E+02  2.67477E+02  2.74114E+02
  2.64448E+02  2.67477E+02  2.74107E+02
  2.64448E+02  2.67477E+02  2.74100E+02
  2.64448E+02  2.67477E+02  2.74093E+02
  2.64448E+02  2.67477E+02  2.74087E+02
  2.64448E+02  2.67477E+02  2.74080E+02
  2.64448E+02  2.67477E+02  2.74073E+02
  2.64448E+02  2.67477E+02  2.74066E+02
  2.64448E+02  2.67477E+02  2.74060E+02
  2.64448E+02  2.67477E+02  2.74053E+02
  2.64448E+02  2.67477E+02  2.74046E+02
  2.64448E+02  2.67477E+02  2.74040E+02
  2.64448E+02  2.67477E+02  2.74033E+02
  2.64448E+02  2.67477E+02  2.74027E+02
  2.64448E+02  2.67477E+02  2.74020E+02
  2.64448E+02  2.67477E+02  2.74014E+02
  2.64448E+02  2.67477E+02  2.74007E+02
  2.64448E+02  2.67477E+02  2.74001E+02
  2.64448E+02  2.67477E+02  2.73994E+02
  2.64448E+02  2.67477E+02  2.73988E+02
  2.64448E+02  2.67477E+02  2.73982E+02
  2.64448E+02  2.67477E+02  2.73975E+02
  2.64448E+02  2.67477E+02  2.73969E+02
  2.64448E+02  2.67477E+02  2.73963E+02
  2.64448E+02  2.67477E+02  2.73957E+02
  2.64448E+02  2.67477E+02  2.73951E+02
  2.64448E+02  2.67477E+02  2.73944E+02
  2.64448E+02  2.67477E+02  2.73938E+02
  2.64448E+02  2.67477E+02  2.73932E+02
  2.64448E+02  2.67477E+02  2.73926E+02
  2.64448E+02  2.67477E+02  2.73920E+02
  2.64448E+02  2.67477E+02  2.73914E+02
  2.64448E+02  2.67477E+02  2.73908E+02
  2.64448E+02  2.67477E+02  2.73902E+02
  2.64448E+02  2.67477E+02  2.73896E+02
  2.64448E+02  2.67477E+02  2.73890E+02
  2.64448E+02  2.67477E+02  2.73884E+02
  2.64448E+02  2.67477E+02  2.73878E+02
  2.64448E+02  2.67477E+02  2.73872E+02
  2.64448E+02  2.67477E+02  2.73867E+02
  2.64448E+02  2.67477E+02  2.73861E+02
  2.64448E+02  2.67477E+02  2.73855E+02
  2.64448E+02  2.67477E+02  2.73849E+02
  2.64445E+02  2.67471E+02  2.73843E+02
  2.64448E+02  2.67476E+02  2.73837E+02
  2.64445E+02  2.67471E+02  2.73831E+02
  2.64448E+02  2.67476E+02  2.73825E+02
  2.64445E+02  2.67471E+02  2.73819E+02
  2.64448E+02  2.67476E+02  2.73814E+02
  2.64445E+02  2.67471E+02  2.73808E+02
  2.64448E+02  2.67476E+02  2.73803E+02
  2.64445E+02  2.67471E+02  2.73797E+02
  2.64448E+02  2.67476E+02  2.73792E+02
  2.64445E+02  2.67471E+02  2.73786E+02
  2.64448E+02  2.67476E+02  2.73780E+02
  2.64445E+02  2.67471E+02  2.73775E+02
  2.64448E+02  2.67476E+02  2.73769E+02
  2.64445E+02  2.67471E+02  2.73764E+02
  2.64448E+02  2.67476E+02  2.73759E+02
  2.64445E+02  2.67471E+02  2.73753E+02
  2.64448E+02  2.67476E+02  2.73748E+02
  2.64445E+02  2.67471E+02  2.73742E+02
