 Yearly Averaged GW/SW Rates for SWAT
 
 year:        1985
   4483.690    
   340.7528    
   137.8192    
   374.1925    
   1632.611    
   909.0087    
   7156.145    
   189.9079    
   120.2518    
  -73.27063    
   3577.868    
   193.4106    
  -46.56231    
   649.4834    
   205.0385    
   418.4667    
   253.1576    
   412.8875    
   54.89496    
   2152.828    
   92.91892    
   167.1585    
   609.0547    
   97.21120    
  0.0000000E+00
   245.5830    
   22.36519    
   2402.886    
   92.43144    
  0.0000000E+00
   846.1256    
   352.2471    
   923.0400    
   7.734928    
  0.0000000E+00
   341.0737    
   2336.170    
   114.4042    
  0.0000000E+00
  0.0000000E+00
   1249.062    
   433.5059    
   784.7975    
   218.4456    
   433.9475    
   236.3453    
   320.3240    
   973.9723    
   160.6679    
   1381.276    
   1165.718    
   5217.627    
   2690.763    
   1510.947    
   1038.603    
   205.5141    
   625.6299    
   121.2837    
   226.8941    
   462.2845    
   496.5572    
   407.9927    
   1844.671    
   1111.353    
   2783.133    
   133.9329    
   1455.816    
   360.4564    
   270.4131    
 
 year:        1986
   6353.051    
   448.8304    
   164.7029    
   396.4107    
   2074.790    
   1782.248    
   8741.496    
   253.2710    
   180.8740    
  -147.6810    
   3105.177    
   216.7309    
   65.36532    
   1064.187    
   336.5791    
   519.3555    
   419.6895    
   505.6009    
   102.3583    
   2418.060    
   119.6052    
   251.4276    
   717.5418    
   110.0637    
  0.0000000E+00
   320.5705    
   25.41111    
   2761.666    
   101.0007    
  0.0000000E+00
   1012.150    
   426.6168    
   1033.996    
   9.370662    
  0.0000000E+00
   434.0818    
   3220.188    
   142.2846    
  0.0000000E+00
  0.0000000E+00
   1882.617    
   647.6495    
   955.1696    
   290.9858    
   569.7922    
   304.6708    
   358.5367    
   1436.424    
   281.4419    
   1119.035    
   1549.615    
   6551.271    
   2998.908    
   1608.278    
   1315.071    
   248.6949    
   703.4638    
   146.9321    
   311.7439    
   583.1323    
   489.5114    
   610.5443    
   2248.595    
   1312.792    
   3478.601    
   143.9710    
   1874.460    
   438.0031    
   327.5984    
 
 year:        1987
   8932.563    
   549.0319    
   174.3768    
   427.4137    
   3155.980    
   3625.502    
   10667.03    
   289.3343    
   231.9201    
  -93.89791    
   4307.609    
   284.8842    
   315.7884    
   2761.448    
   444.2554    
   585.9548    
   809.2570    
   652.2347    
   243.8468    
   3582.350    
   133.9413    
   322.3854    
   853.5201    
   130.6326    
  0.0000000E+00
   392.5688    
   25.75271    
   2978.088    
   124.2992    
  0.0000000E+00
   1229.113    
   476.7900    
   1130.074    
   13.63110    
  0.0000000E+00
   562.0112    
   4406.713    
   155.4246    
  0.0000000E+00
  0.0000000E+00
   2372.934    
   826.4412    
   1046.991    
   455.8854    
   1215.763    
   343.2212    
   372.9134    
   2236.437    
   691.1490    
   2566.946    
   1779.314    
   8040.607    
   3800.000    
   2089.360    
   1475.025    
   279.3188    
   840.8425    
   213.7357    
   364.3151    
   748.0002    
   679.9174    
   779.0010    
   2590.639    
   1451.012    
   3953.081    
   175.2608    
   3041.296    
   614.1658    
   476.5435    
 
 year:        1988
   3093.295    
   205.8764    
   47.20009    
   266.3793    
   1849.354    
   991.3454    
   4768.857    
   96.41692    
   124.7978    
  -208.2945    
   1791.935    
   140.2851    
  -130.7737    
   686.9186    
   172.2273    
   251.9890    
   393.1608    
   311.0079    
  -48.36356    
   1272.867    
   43.25482    
   173.4777    
   294.0313    
   53.53880    
  0.0000000E+00
   138.5156    
   8.377733    
   1237.125    
   55.89386    
  0.0000000E+00
   566.6042    
   235.2355    
   435.3581    
   8.378980    
  0.0000000E+00
   310.1582    
   1501.448    
   74.60641    
  0.0000000E+00
  0.0000000E+00
   772.6129    
   443.3808    
   374.0404    
   171.5845    
   552.8851    
   112.0907    
   129.6675    
   1149.328    
   147.3073    
   444.8328    
   571.2001    
   3037.228    
   1994.729    
   1127.054    
   536.2884    
   101.7644    
   351.2316    
   131.3822    
   118.6993    
   405.5020    
   166.3262    
   301.8503    
   1125.167    
   510.5692    
   1868.783    
   100.7179    
   1399.713    
   192.6496    
   292.9287    
 
 year:        1989
   2882.447    
   210.7454    
   61.92538    
   267.3844    
   1450.437    
   620.3967    
   4339.833    
   99.16093    
   98.97675    
  -211.1747    
   1392.569    
   119.7677    
  -150.7244    
   423.3147    
   143.1145    
   237.9755    
   247.0518    
   296.9359    
  -57.20000    
   931.3965    
   48.53517    
   137.5846    
   289.6789    
   51.95902    
  0.0000000E+00
   146.8895    
   10.37366    
   1330.543    
   48.81428    
  0.0000000E+00
   547.5964    
   235.1768    
   469.3313    
   6.931556    
  0.0000000E+00
   251.4381    
   1427.569    
   76.33569    
  0.0000000E+00
  0.0000000E+00
   744.2316    
   354.1778    
   431.4131    
   136.3074    
   371.4979    
   124.8867    
   142.5970    
   832.2472    
   23.90010    
   36.29569    
   598.2902    
   2805.047    
   1660.597    
   863.3546    
   515.3304    
   118.0488    
   333.6079    
   108.6869    
   120.5338    
   335.0823    
   100.0732    
   254.1136    
   1142.853    
   534.9609    
   1824.997    
   103.9568    
   1086.577    
   157.9092    
   242.3274    
 
