         145
            1           46            1
            1
   1788.00000
            2           47            1
            1
   1289.00000
            3           48            1
            1
    741.00000
            4           84            1
            1
   1017.00000
            5           85            1
            1
   1385.00000
            6           86            1
            1
    398.00000
            7           88            2
            1           26
    752.00000    141.00000
            8           89            3
           41            1           26
    702.00000    749.00000    495.00000
            9           90            1
           41
    169.00000
           10          130            3
           46           41            2
     55.00000   1035.00000   1256.00000
           11          131            3
           51           46           21
    604.00000    560.00000    235.00000
           12          132            1
           51
    348.00000
           13          139            1
           52
     60.00000
           14          140            1
           52
    190.00000
           15          172            2
           51           16
    909.00000   1220.00000
           16          173            3
           55           51           16
   1122.00000     57.00000     51.00000
           17          174            2
           55            8
   1224.00000    129.00000
           18          175            3
           59           55            8
    877.00000    270.00000    555.00000
           19          176            3
           59           15           62
     57.00000    839.00000   1231.00000
           20          177            1
           52
    261.00000
           21          178            1
           52
   1198.00000
           22          179            1
           52
   1337.00000
           23          180            1
           52
    934.00000
           24          181            1
           52
   1112.00000
           25          182            1
           52
   1117.00000
           26          183            1
           52
   1169.00000
           27          184            2
           52           31
   1054.00000   1129.00000
           28          185            3
           60           56           31
    125.00000    122.00000   1147.00000
           29          186            3
           63           60           36
    194.00000    242.00000    205.00000
           30          215            1
           28
    222.00000
           31          216            4
           62           47           28           27
     28.00000   1104.00000    280.00000    117.00000
           32          217            3
           52           62           47
    623.00000    272.00000    292.00000
           33          223            1
           11
    765.00000
           34          224            2
           52           11
    110.00000   1304.00000
           35          225            3
           56           52           11
    480.00000    370.00000    547.00000
           36          226            1
           63
   1408.00000
           37          254            1
           28
     83.00000
           38          255            1
           28
   1416.00000
           39          262            1
           11
    954.00000
           40          263            1
           11
    618.00000
           41          266            1
           63
    113.00000
           42          267            2
           63           32
   1191.00000    600.00000
           43          268            3
           63           32           65
    124.00000    202.00000    947.00000
           44          291            1
           37
   1231.00000
           45          292            1
           37
   1251.00000
           46          293            1
           37
    692.00000
           47          294            1
           28
   1441.00000
           48          301            1
           11
    653.00000
           49          302            1
           11
   1075.00000
           50          308            1
           65
    315.00000
           51          309            1
           65
   1428.00000
           52          310            1
           65
   1557.00000
           53          311            4
           22            9           65           42
    392.00000    282.00000    263.00000    977.00000
           54          333            2
           37           23
    738.00000   1005.00000
           55          334            3
           28           37           23
    170.00000    182.00000    355.00000
           56          338            1
           11
    985.00000
           57          339            1
           11
   1152.00000
           58          340            1
           11
   1126.00000
           59          341            1
           11
    872.00000
           60          351            5
           43           38           65           33           42
    366.00000    779.00000    210.00000    871.00000    115.00000
           61          378            1
           11
   1166.00000
           62          390            1
           33
   1605.00000
           63          391            2
           43           33
    117.00000    102.00000
           64          392            1
           43
   1268.00000
           65          393            2
           43            3
   1075.00000    699.00000
           66          394            3
           43            3           48
     87.00000     75.00000   1060.00000
           67          395            1
           48
    207.00000
           68          417            1
           11
   1134.00000
           69          428            2
           61           10
    876.00000   1118.00000
           70          429            3
           33           61           10
    961.00000    380.00000    350.00000
           71          432            1
           50
    747.00000
           72          433            1
           50
   1099.00000
           73          434            1
           50
    714.00000
           74          435            1
           48
   1736.00000
           75          436            2
           48           17
    405.00000   1261.00000
           76          456            1
           11
     25.00000
           77          457            1
           11
   1247.00000
           78          462            3
           53           49            4
    380.00000    221.00000    748.00000
           79          463            1
           53
   1374.00000
           80          464            1
           53
   1199.00000
           81          465            1
           53
   1239.00000
           82          466            3
           57           53           29
    369.00000   1461.00000    276.00000
           83          467            3
           61           57           24
     15.00000   1224.00000    237.00000
           84          468            1
           61
   1167.00000
           85          471            1
           50
   1241.00000
           86          472            1
           50
    432.00000
           87          474            2
           50           54
    779.00000     14.00000
           88          475            3
           64           50           54
    511.00000    382.00000    429.00000
           89          476            5
           67           66           48           64           17
    135.00000    882.00000    138.00000    377.00000    108.00000
           90          477            1
           67
    465.00000
           91          501            2
           44           18
    545.00000   1087.00000
           92          502            3
           49           44           18
    931.00000    250.00000     75.00000
           93          510            1
           50
    716.00000
           94          511            1
           50
    681.00000
           95          513            1
           54
    190.00000
           96          514            1
           54
   1520.00000
           97          515            1
           64
    426.00000
           98          516            1
           64
    992.00000
           99          517            1
           67
   1261.00000
          100          539            1
            5
     62.00000
          101          540            1
            5
   1386.00000
          102          541            3
           44            5           39
      7.00000    700.00000   1162.00000
          103          550            1
           50
   1224.00000
          104          553            1
           54
   1179.00000
          105          557            1
           67
    887.00000
          106          558            3
           68           67           19
    177.00000    714.00000    387.00000
          107          578            1
            5
    412.00000
          108          579            1
            5
   1062.00000
          109          589            1
           50
    615.00000
          110          590            1
           50
    746.00000
          111          593            1
           54
   1073.00000
          112          598            3
           68           19            7
    415.00000    362.00000     52.00000
          113          599            2
           68            7
   1075.00000   1240.00000
          114          600            5
           68           34           58           69            7
     75.00000     25.00000    392.00000    874.00000    688.00000
          115          628            1
           45
    510.00000
          116          629            1
           50
   1365.00000
          117          633            3
           54           20           12
     64.00000   1079.00000    517.00000
          118          638            1
            7
   1154.00000
          119          668            2
            6           45
   1152.00000    699.00000
          120          669            3
           50            6           45
    182.00000     49.00000     35.00000
          121          672            1
           20
     42.00000
          122          673            1
           20
   1119.00000
          123          678            1
            7
   1284.00000
          124          707            1
            6
    598.00000
          125          708            1
            6
    848.00000
          126          712            1
           20
   1323.00000
          127          716            1
            7
     72.00000
          128          717            1
            7
   1475.00000
          129          718            1
            7
    364.00000
          130          747            1
            6
    624.00000
          131          750            1
           20
    979.00000
          132          751            1
           20
   1284.00000
          133          752            1
           20
    365.00000
          134          754            1
            7
   1085.00000
          135          755            1
            7
   1169.00000
          136          756            1
            7
   1210.00000
          137          789            2
           14           13
    354.00000   1159.00000
          138          790            3
           20           14           13
    297.00000    500.00000    290.00000
          139          792            1
            7
    197.00000
          140          793            1
            7
   1567.00000
          141          794            1
            7
    293.00000
          142          829            1
           14
   1270.00000
          143          832            1
            7
   1381.00000
          144          868            1
           14
    320.00000
          145          869            1
           14
    726.00000
