 Yearly Averaged GW/SW Rates for MODFLOW
 
 year:        1985
 Layer, Row, Column, Rate
           1           4          11  -276.5820    
           1           6          17  -148.0881    
           1           6          16  -146.1385    
           1           5          16  -519.8054    
           1           5          15  -413.3014    
           1           5          14  -578.2846    
           1           5          13  -493.1941    
           1           5          12  -694.5726    
           1           4          12  -607.4849    
           1           4          11  -276.5820    
           1           4          10  -636.4697    
           1           3          10  -760.0688    
           1           3           9  -577.1401    
           1           3           8  -625.5881    
           1           2           8  -580.6340    
           1           2           7  -759.8702    
           1           2           6  -993.7020    
           1           3           6   177.5874    
           1           3           5  -752.0498    
           1           3           4  -826.0703    
           1           6          25  -214.3442    
           1           6          24  -279.6821    
           1           6          23  -295.9254    
           1           7          23  -395.0000    
           1           7          22  -466.3065    
           1           8          22  -320.8297    
           1           8          21  -77.04459    
           1           9          21  -185.9750    
           1           9          20  -269.4316    
           1           9          19  -167.7575    
           1           9          18  -444.7973    
           1          10          18   253.1009    
           1          11          17  -113.8418    
           1          12          17  -275.0625    
           1          12          16  -135.2942    
           1           5          26  -533.2393    
           1           9          31  -171.9000    
           1          10          30  -418.8431    
           1          11          29  -212.9670    
           1          11          29  -212.9670    
           1          11          28   287.9166    
           1          12          28  -521.1758    
           1          12          27  -302.7084    
           1           6          17  -148.0881    
           1           6          16  -146.1385    
           1           6          15  -406.8147    
           1           7          15  -544.9453    
           1           7          14  -488.4152    
           1           8          14  -856.2383    
           1           9          14  -220.2074    
           1           9          13  -864.5346    
           1           8          13  -249.5545    
           1           8          12  -773.7347    
           1           8          11  -890.1446    
           1          12          36  -83.01221    
           1          11          36  -312.7973    
           1          11          35  -177.5684    
           1          10          35  -409.0802    
           1          10          34  -334.6964    
           1          10          33  -297.6394    
           1          10          32  -372.8951    
           1          10          31  -288.1837    
           1           9          31  -171.9000    
           1           8          31  -816.1775    
           1           8          30  -694.9136    
           1           8          29  -664.1106    
           1           8          28  -587.6633    
           1           7          28  -932.1731    
           1           7          27  -609.9236    
           1           7          26  -428.5317    
           1           6          26  -596.9709    
           1           5          26  -533.2393    
           1           5          25  -665.2308    
           1           6          25  -214.3442    
           1           6          24  -279.6821    
           1           5          24  -577.6845    
           1           5          23  -386.4826    
           1           5          22  -492.4004    
           1           5          21  -555.3642    
           1           5          20  -507.8897    
           1           4          20  -642.5540    
           1           4          19  -611.8710    
           1           5          19  -333.2256    
           1           5          18  -564.2102    
           1           5          17  -454.4801    
           1           6          17  -148.0881    
           1          12          27  -302.7084    
           1          12          26  -352.6460    
           1          12          26  -352.6460    
           1          12          25  -628.8255    
           1          12          24  -735.7271    
           1          12          23  -646.8292    
           1          12          22  -337.4235    
           1          12          22  -337.4235    
           1          13          22  -33.80201    
           1          13          22  -33.80201    
           1          13          21  -306.9199    
           1          13          21  -306.9199    
           1          14          20  -470.2347    
           1          14          19  -372.8959    
           1          15          19  -48.87711    
           1          15          18  -740.6022    
           1          15          40  -317.7507    
           1          15          39  -434.0373    
           1          15          38   151.1496    
           1          14          38  -617.2054    
           1          14          37  -691.6096    
           1          13          36  -238.5622    
           1          13          37  -266.9489    
           1          12          37  -131.9332    
           1          12          36  -83.01221    
           1          15          40  -317.7507    
           1          15          39  -434.0373    
           1          15          38   151.1496    
           1          16          38  -765.3554    
           1          17          38  -1321.033    
           1          18          38   312.2014    
           1          18          37  -1074.720    
           1          18          36  -437.2435    
           1          19          36  -481.2262    
           1          19          35  -821.6592    
           1          19          34  -850.5315    
           1          20          34   224.5715    
           1          20          33  -758.2152    
           1          20          32  -161.9181    
           1          21          32  -362.1383    
           1          12          36  -83.01221    
           1          13          36  -238.5622    
           1          13          35  -536.6594    
           1          12          35  -52.15366    
           1          12          34  -152.0396    
           1          11          34  -86.98759    
           1          11          33  -176.4121    
           1          11          32  -101.0743    
           1          12          32   138.0109    
           1          12          31   640.1208    
           1          13          31   82.65477    
           1          13          30  -297.7700    
           1          14          30  -441.5520    
           1          15          30  -131.6261    
           1          15          29  -286.6882    
           1          17          29   527.6667    
           1          16          29  -752.1348    
           1          16          28  -219.5760    
           1          17          28  -751.5287    
           1          18          28   91.55655    
           1          18          27  -253.7221    
           1          19          27  -376.3182    
           1          12          35  -52.15366    
           1          12          34  -152.0396    
           1          13          34  -310.0463    
           1          13          33  -172.2150    
           1          14          33  -295.2736    
           1          15          33  -670.2465    
           1          16          33  -621.0085    
           1          17          33  -42.39631    
           1          17          32  -188.2809    
           1          18          32  -776.8226    
           1          19          32   453.7907    
           1          19          31  -492.0402    
           1          19          30  -724.3470    
           1          20          30   76.58453    
           1          20          29   34.11175    
           1          21          29  -417.6991    
           1          22          29   159.2693    
           1          22          28  -434.2621    
 
 year:        1986
 Layer, Row, Column, Rate
           1           4          11  -356.0161    
           1           6          17  -160.9233    
           1           6          16  -166.0409    
           1           5          16  -853.2825    
           1           5          15  -560.6259    
           1           5          14  -738.9927    
           1           5          13  -611.2731    
           1           5          12  -862.0876    
           1           4          12  -845.7993    
           1           4          11  -356.0161    
           1           4          10  -838.3405    
           1           3          10  -1237.219    
           1           3           9  -763.8240    
           1           3           8  -799.7621    
           1           2           8  -939.7846    
           1           2           7  -1024.348    
           1           2           6  -1282.787    
           1           3           6   63.61915    
           1           3           5  -912.8068    
           1           3           4  -1289.463    
           1           6          25  -261.4834    
           1           6          24  -318.4603    
           1           6          23  -344.5326    
           1           7          23  -377.5130    
           1           7          22  -506.6024    
           1           8          22  -225.2100    
           1           8          21  -51.76585    
           1           9          21  -71.15740    
           1           9          20  -186.8950    
           1           9          19  -118.0978    
           1           9          18  -441.8077    
           1          10          18   331.8783    
           1          11          17  -52.89589    
           1          12          17  -195.2569    
           1          12          16  -73.18126    
           1           5          26  -678.6501    
           1           9          31  -213.7923    
           1          10          30  -474.1600    
           1          11          29  -214.0596    
           1          11          29  -214.0596    
           1          11          28   421.4364    
           1          12          28  -571.4836    
           1          12          27  -342.7299    
           1           6          17  -160.9233    
           1           6          16  -166.0409    
           1           6          15  -504.3303    
           1           7          15  -628.0831    
           1           7          14  -604.5872    
           1           8          14  -914.6414    
           1           9          14  -204.6582    
           1           9          13  -1066.228    
           1           8          13  -368.1445    
           1           8          12  -1008.273    
           1           8          11  -1339.637    
           1          12          36  -89.23370    
           1          11          36  -531.1929    
           1          11          35  -195.0896    
           1          10          35  -756.2784    
           1          10          34  -384.3532    
           1          10          33  -358.1334    
           1          10          32  -463.3359    
           1          10          31  -338.0458    
           1           9          31  -213.7923    
           1           8          31  -1227.634    
           1           8          30  -884.7017    
           1           8          29  -820.5001    
           1           8          28  -705.1192    
           1           7          28  -1157.707    
           1           7          27  -725.0911    
           1           7          26  -549.8427    
           1           6          26  -693.0128    
           1           5          26  -678.6501    
           1           5          25  -788.4888    
           1           6          25  -261.4834    
           1           6          24  -318.4603    
           1           5          24  -702.6048    
           1           5          23  -461.3011    
           1           5          22  -530.3904    
           1           5          21  -576.5182    
           1           5          20  -461.4114    
           1           4          20  -1008.344    
           1           4          19  -966.1461    
           1           5          19  -366.6376    
           1           5          18  -698.1302    
           1           5          17  -701.7242    
           1           6          17  -160.9233    
           1          12          27  -342.7299    
           1          12          26  -385.3397    
           1          12          26  -385.3397    
           1          12          25  -684.0594    
           1          12          24  -839.3120    
           1          12          23  -739.5026    
           1          12          22  -357.4591    
           1          12          22  -357.4591    
           1          13          22  -110.8413    
           1          13          22  -110.8413    
           1          13          21  -369.6120    
           1          13          21  -369.6120    
           1          14          20  -634.7846    
           1          14          19  -401.2799    
           1          15          19  -216.9647    
           1          15          18  -821.7602    
           1          15          40  -384.9468    
           1          15          39  -472.3578    
           1          15          38   125.6537    
           1          14          38  -700.4129    
           1          14          37  -810.2216    
           1          13          36  -285.8717    
           1          13          37  -318.6954    
           1          12          37  -332.1934    
           1          12          36  -89.23370    
           1          15          40  -384.9468    
           1          15          39  -472.3578    
           1          15          38   125.6537    
           1          16          38  -882.9694    
           1          17          38  -1516.350    
           1          18          38   199.8702    
           1          18          37  -1250.158    
           1          18          36  -583.5461    
           1          19          36  -630.0314    
           1          19          35  -930.4538    
           1          19          34  -950.0746    
           1          20          34   125.7803    
           1          20          33  -875.2341    
           1          20          32  -248.1715    
           1          21          32  -452.0271    
           1          12          36  -89.23370    
           1          13          36  -285.8717    
           1          13          35  -627.4989    
           1          12          35  -67.27990    
           1          12          34  -178.1639    
           1          11          34  -113.9277    
           1          11          33  -194.6426    
           1          11          32  -120.4235    
           1          12          32   143.7821    
           1          12          31   883.9188    
           1          13          31   109.5049    
           1          13          30  -259.7992    
           1          14          30  -409.9276    
           1          15          30  -98.96049    
           1          15          29  -312.9577    
           1          17          29   612.4612    
           1          16          29  -775.7338    
           1          16          28  -317.3765    
           1          17          28  -881.8160    
           1          18          28   8.549611    
           1          18          27  -589.5920    
           1          19          27  -765.2137    
           1          12          35  -67.27990    
           1          12          34  -178.1639    
           1          13          34  -379.2786    
           1          13          33  -161.1683    
           1          14          33  -299.3315    
           1          15          33  -691.7123    
           1          16          33  -695.8866    
           1          17          33  -143.7559    
           1          17          32  -209.1892    
           1          18          32  -828.4243    
           1          19          32   492.6921    
           1          19          31  -529.9828    
           1          19          30  -761.6500    
           1          20          30   53.35119    
           1          20          29  -103.9113    
           1          21          29  -509.2300    
           1          22          29   118.6411    
           1          22          28  -673.8257    
 
 year:        1987
 Layer, Row, Column, Rate
           1           4          11  -398.6890    
           1           6          17  -176.0358    
           1           6          16  -168.2731    
           1           5          16  -1126.260    
           1           5          15  -648.4553    
           1           5          14  -816.8486    
           1           5          13  -694.1378    
           1           5          12  -972.3137    
           1           4          12  -987.7496    
           1           4          11  -398.6890    
           1           4          10  -1025.500    
           1           3          10  -1588.393    
           1           3           9  -920.6496    
           1           3           8  -1003.105    
           1           2           8  -1265.606    
           1           2           7  -1234.184    
           1           2           6  -1510.422    
           1           3           6  -254.3536    
           1           3           5  -1283.195    
           1           3           4  -2185.747    
           1           6          25  -286.3772    
           1           6          24  -330.4556    
           1           6          23  -383.6192    
           1           7          23  -431.9089    
           1           7          22  -544.0194    
           1           8          22  -290.5863    
           1           8          21  -191.2565    
           1           9          21  -147.2108    
           1           9          20  -334.4555    
           1           9          19  -226.3483    
           1           9          18  -559.7608    
           1          10          18   289.6343    
           1          11          17  -85.53827    
           1          12          17  -310.9016    
           1          12          16  -257.8789    
           1           5          26  -878.6565    
           1           9          31  -233.5359    
           1          10          30  -509.5666    
           1          11          29  -240.9674    
           1          11          29  -240.9674    
           1          11          28   345.3798    
           1          12          28  -715.0819    
           1          12          27  -406.7794    
           1           6          17  -176.0358    
           1           6          16  -168.2731    
           1           6          15  -537.9746    
           1           7          15  -685.5239    
           1           7          14  -679.0276    
           1           8          14  -941.8148    
           1           9          14  -299.9172    
           1           9          13  -1219.104    
           1           8          13  -446.3140    
           1           8          12  -1258.182    
           1           8          11  -2108.832    
           1          12          36  -108.6272    
           1          11          36  -1040.812    
           1          11          35  -227.5513    
           1          10          35  -1372.176    
           1          10          34  -410.7246    
           1          10          33  -378.5766    
           1          10          32  -517.0583    
           1          10          31  -371.1019    
           1           9          31  -233.5359    
           1           8          31  -1574.096    
           1           8          30  -981.6318    
           1           8          29  -904.0510    
           1           8          28  -814.1820    
           1           7          28  -1337.555    
           1           7          27  -789.6708    
           1           7          26  -657.1741    
           1           6          26  -746.1966    
           1           5          26  -878.6565    
           1           5          25  -942.9401    
           1           6          25  -286.3772    
           1           6          24  -330.4556    
           1           5          24  -876.3923    
           1           5          23  -555.5781    
           1           5          22  -608.9816    
           1           5          21  -641.5593    
           1           5          20  -466.8938    
           1           4          20  -1449.771    
           1           4          19  -1324.088    
           1           5          19  -375.0669    
           1           5          18  -795.9207    
           1           5          17  -919.3090    
           1           6          17  -176.0358    
           1          12          27  -406.7794    
           1          12          26  -474.2283    
           1          12          26  -474.2283    
           1          12          25  -810.3541    
           1          12          24  -1166.082    
           1          12          23  -948.4516    
           1          12          22  -385.4155    
           1          12          22  -385.4155    
           1          13          22  -381.0274    
           1          13          22  -381.0274    
           1          13          21  -455.4664    
           1          13          21  -455.4664    
           1          14          20  -989.2743    
           1          14          19  -543.1324    
           1          15          19  -565.6424    
           1          15          18  -1057.933    
           1          15          40  -559.9656    
           1          15          39  -559.3138    
           1          15          38   95.88859    
           1          14          38  -1081.809    
           1          14          37  -879.1887    
           1          13          36  -307.3981    
           1          13          37  -576.7369    
           1          12          37  -954.1552    
           1          12          36  -108.6272    
           1          15          40  -559.9656    
           1          15          39  -559.3138    
           1          15          38   95.88859    
           1          16          38  -1004.125    
           1          17          38  -1638.454    
           1          18          38   94.53047    
           1          18          37  -1386.392    
           1          18          36  -780.1512    
           1          19          36  -765.0788    
           1          19          35  -1068.592    
           1          19          34  -1085.938    
           1          20          34  -28.76825    
           1          20          33  -1004.066    
           1          20          32  -354.7346    
           1          21          32  -682.9954    
           1          12          36  -108.6272    
           1          13          36  -307.3981    
           1          13          35  -696.7338    
           1          12          35  -83.52870    
           1          12          34  -200.8409    
           1          11          34  -142.2461    
           1          11          33  -231.3976    
           1          11          32  -223.1628    
           1          12          32   87.68906    
           1          12          31   849.2575    
           1          13          31   45.08097    
           1          13          30  -473.6761    
           1          14          30  -542.6326    
           1          15          30  -211.6831    
           1          15          29  -707.0638    
           1          17          29   519.1269    
           1          16          29  -929.4155    
           1          16          28  -853.8439    
           1          17          28  -1139.260    
           1          18          28  -192.6549    
           1          18          27  -1230.803    
           1          19          27  -1588.645    
           1          12          35  -83.52870    
           1          12          34  -200.8409    
           1          13          34  -457.6778    
           1          13          33  -210.4204    
           1          14          33  -411.3506    
           1          15          33  -913.3440    
           1          16          33  -914.7145    
           1          17          33  -284.9969    
           1          17          32  -374.9034    
           1          18          32  -1047.392    
           1          19          32   452.1197    
           1          19          31  -699.9520    
           1          19          30  -1007.791    
           1          20          30  -91.01065    
           1          20          29  -380.5447    
           1          21          29  -803.8219    
           1          22          29  -266.2483    
           1          22          28  -1560.474    
 
 year:        1988
 Layer, Row, Column, Rate
           1           4          11  -128.7521    
           1           6          17  -68.58560    
           1           6          16  -54.74174    
           1           5          16  -436.6234    
           1           5          15  -207.6527    
           1           5          14  -301.0595    
           1           5          13  -253.2258    
           1           5          12  -421.4188    
           1           4          12  -268.3618    
           1           4          11  -128.7521    
           1           4          10  -384.5428    
           1           3          10  -487.9622    
           1           3           9  -318.7878    
           1           3           8  -363.6999    
           1           2           8  -349.3834    
           1           2           7  -488.4910    
           1           2           6  -656.4411    
           1           3           6   319.5491    
           1           3           5  -693.9765    
           1           3           4  -795.5809    
           1           6          25  -92.18011    
           1           6          24  -142.7094    
           1           6          23  -46.85087    
           1           7          23  -142.2444    
           1           7          22  -235.6995    
           1           8          22  -110.4320    
           1           8          21  -66.69366    
           1           9          21  -22.27290    
           1           9          20  -179.0789    
           1           9          19  -125.7779    
           1           9          18  -452.4900    
           1          10          18   337.7090    
           1          11          17  -65.23814    
           1          12          17  -212.1089    
           1          12          16  -135.3534    
           1           5          26  -484.9059    
           1           9          31  -112.1014    
           1          10          30  -208.9268    
           1          11          29  -88.45593    
           1          11          29  -88.45593    
           1          11          28   436.8099    
           1          12          28  -315.0801    
           1          12          27  -166.7156    
           1           6          17  -68.58560    
           1           6          16  -54.74174    
           1           6          15  -118.5656    
           1           7          15  -268.0183    
           1           7          14  -195.6611    
           1           8          14  -642.9244    
           1           9          14   33.66306    
           1           9          13  -539.2622    
           1           8          13   28.81970    
           1           8          12  -501.7805    
           1           8          11  -808.8253    
           1          12          36  -62.42541    
           1          11          36  -503.1405    
           1          11          35  -121.4752    
           1          10          35  -764.1678    
           1          10          34  -144.7935    
           1          10          33  -97.23598    
           1          10          32  -221.0360    
           1          10          31  -91.19537    
           1           9          31  -112.1014    
           1           8          31  -847.0322    
           1           8          30  -491.8898    
           1           8          29  -423.6880    
           1           8          28  -268.2063    
           1           7          28  -737.3164    
           1           7          27  -352.9399    
           1           7          26  -102.5609    
           1           6          26  -422.5684    
           1           5          26  -484.9059    
           1           5          25  -438.9883    
           1           6          25  -92.18011    
           1           6          24  -142.7094    
           1           5          24  -397.1541    
           1           5          23  -222.5879    
           1           5          22  -206.9220    
           1           5          21  -250.6360    
           1           5          20  -204.7762    
           1           4          20  -558.4174    
           1           4          19  -468.0941    
           1           5          19  -131.5896    
           1           5          18  -332.1583    
           1           5          17  -291.2643    
           1           6          17  -68.58560    
           1          12          27  -166.7156    
           1          12          26  -213.2473    
           1          12          26  -213.2473    
           1          12          25  -400.5263    
           1          12          24  -637.9963    
           1          12          23  -525.0088    
           1          12          22  -240.2041    
           1          12          22  -240.2041    
           1          13          22  -46.27658    
           1          13          22  -46.27658    
           1          13          21  -229.3216    
           1          13          21  -229.3216    
           1          14          20  -504.3142    
           1          14          19  -391.0785    
           1          15          19  -136.7572    
           1          15          18  -817.2040    
           1          15          40  -344.2081    
           1          15          39  -384.1581    
           1          15          38   277.7549    
           1          14          38  -641.3484    
           1          14          37  -363.1885    
           1          13          36  -102.6848    
           1          13          37  -271.9275    
           1          12          37  -390.8705    
           1          12          36  -62.42541    
           1          15          40  -344.2081    
           1          15          39  -384.1581    
           1          15          38   277.7549    
           1          16          38  -500.4475    
           1          17          38  -1157.031    
           1          18          38   535.7441    
           1          18          37  -856.7791    
           1          18          36  -95.67527    
           1          19          36  -274.3894    
           1          19          35  -598.9526    
           1          19          34  -649.3414    
           1          20          34   482.5550    
           1          20          33  -621.0380    
           1          20          32  -101.6078    
           1          21          32  -324.5949    
           1          12          36  -62.42541    
           1          13          36  -102.6848    
           1          13          35  -265.0248    
           1          12          35   3.716984    
           1          12          34  -76.41502    
           1          11          34   34.36827    
           1          11          33  -78.23749    
           1          11          32  -16.98216    
           1          12          32   189.4068    
           1          12          31   675.0610    
           1          13          31   186.8233    
           1          13          30  -285.4223    
           1          14          30  -406.9678    
           1          15          30   31.57883    
           1          15          29  -372.7153    
           1          17          29   589.7971    
           1          16          29  -657.3047    
           1          16          28  -359.5178    
           1          17          28  -717.5593    
           1          18          28   175.0682    
           1          18          27  -372.5467    
           1          19          27  -455.9285    
           1          12          35   3.716984    
           1          12          34  -76.41502    
           1          13          34  -172.9246    
           1          13          33  -136.3688    
           1          14          33  -231.3006    
           1          15          33  -568.8012    
           1          16          33  -450.4317    
           1          17          33   126.2633    
           1          17          32  -49.58656    
           1          18          32  -701.3771    
           1          19          32   649.8441    
           1          19          31  -393.1201    
           1          19          30  -690.1932    
           1          20          30   285.7800    
           1          20          29   71.18629    
           1          21          29  -405.2493    
           1          22          29   193.9166    
           1          22          28  -623.6949    
 
 year:        1989
 Layer, Row, Column, Rate
           1           4          11  -144.4695    
           1           6          17  -60.58601    
           1           6          16  -67.78337    
           1           5          16  -362.8183    
           1           5          15  -215.0512    
           1           5          14  -304.5354    
           1           5          13  -225.5171    
           1           5          12  -398.9688    
           1           4          12  -292.7495    
           1           4          11  -144.4695    
           1           4          10  -393.6374    
           1           3          10  -449.7627    
           1           3           9  -334.8807    
           1           3           8  -390.8080    
           1           2           8  -321.7125    
           1           2           7  -498.2763    
           1           2           6  -701.2521    
           1           3           6   338.9402    
           1           3           5  -624.3903    
           1           3           4  -617.7586    
           1           6          25  -117.4419    
           1           6          24  -150.9035    
           1           6          23  -86.27792    
           1           7          23  -140.3528    
           1           7          22  -255.5359    
           1           8          22  -89.80222    
           1           8          21  -19.13811    
           1           9          21   13.38777    
           1           9          20  -125.1414    
           1           9          19  -79.63503    
           1           9          18  -402.0342    
           1          10          18   363.1296    
           1          11          17  -22.31611    
           1          12          17  -156.9669    
           1          12          16  -21.58759    
           1           5          26  -393.1018    
           1           9          31  -114.6996    
           1          10          30  -224.3473    
           1          11          29  -89.36723    
           1          11          29  -89.36723    
           1          11          28   442.6197    
           1          12          28  -251.0699    
           1          12          27  -161.7965    
           1           6          17  -60.58601    
           1           6          16  -67.78337    
           1           6          15  -173.7657    
           1           7          15  -280.4366    
           1           7          14  -242.1187    
           1           8          14  -629.1575    
           1           9          14   82.17743    
           1           9          13  -573.9621    
           1           8          13  -41.32287    
           1           8          12  -474.1404    
           1           8          11  -690.2386    
           1          12          36  -64.43274    
           1          11          36  -309.5806    
           1          11          35  -128.4614    
           1          10          35  -465.0372    
           1          10          34  -169.7360    
           1          10          33  -130.7225    
           1          10          32  -237.6542    
           1          10          31  -124.6534    
           1           9          31  -114.6996    
           1           8          31  -671.7783    
           1           8          30  -471.4822    
           1           8          29  -429.5417    
           1           8          28  -305.9117    
           1           7          28  -679.0759    
           1           7          27  -380.3508    
           1           7          26  -154.2125    
           1           6          26  -431.6165    
           1           5          26  -393.1018    
           1           5          25  -426.7055    
           1           6          25  -117.4419    
           1           6          24  -150.9035    
           1           5          24  -379.9417    
           1           5          23  -228.6579    
           1           5          22  -204.4463    
           1           5          21  -240.2454    
           1           5          20  -200.5043    
           1           4          20  -446.8156    
           1           4          19  -393.8533    
           1           5          19  -141.5010    
           1           5          18  -326.3048    
           1           5          17  -258.1916    
           1           6          17  -60.58601    
           1          12          27  -161.7965    
           1          12          26  -186.2368    
           1          12          26  -186.2368    
           1          12          25  -356.6529    
           1          12          24  -467.6861    
           1          12          23  -442.0264    
           1          12          22  -241.1107    
           1          12          22  -241.1107    
           1          13          22   37.16723    
           1          13          22   37.16723    
           1          13          21  -226.2389    
           1          13          21  -226.2389    
           1          14          20  -412.8814    
           1          14          19  -353.1243    
           1          15          19  -15.80459    
           1          15          18  -668.6262    
           1          15          40  -284.7487    
           1          15          39  -344.8141    
           1          15          38   260.8334    
           1          14          38  -563.3655    
           1          14          37  -372.4899    
           1          13          36  -111.1056    
           1          13          37  -223.4150    
           1          12          37  -160.0291    
           1          12          36  -64.43274    
           1          15          40  -284.7487    
           1          15          39  -344.8141    
           1          15          38   260.8334    
           1          16          38  -450.1426    
           1          17          38  -1086.297    
           1          18          38   516.8339    
           1          18          37  -845.5488    
           1          18          36  -33.24760    
           1          19          36  -262.4905    
           1          19          35  -570.9641    
           1          19          34  -598.3551    
           1          20          34   459.5780    
           1          20          33  -576.9769    
           1          20          32  -97.54488    
           1          21          32  -267.2547    
           1          12          36  -64.43274    
           1          13          36  -111.1056    
           1          13          35  -262.6649    
           1          12          35  -7.311227    
           1          12          34  -94.23603    
           1          11          34   17.81758    
           1          11          33  -97.21508    
           1          11          32  -21.69741    
           1          12          32   194.5088    
           1          12          31   674.0765    
           1          13          31   206.7437    
           1          13          30  -205.1865    
           1          14          30  -320.0189    
           1          15          30   91.29302    
           1          15          29  -223.2387    
           1          17          29   588.0343    
           1          16          29  -566.3477    
           1          16          28  -203.0933    
           1          17          28  -650.8405    
           1          18          28   212.6896    
           1          18          27  -230.0149    
           1          19          27  -306.3313    
           1          12          35  -7.311227    
           1          12          34  -94.23603    
           1          13          34  -135.2063    
           1          13          33  -122.5390    
           1          14          33  -153.0076    
           1          15          33  -429.6985    
           1          16          33  -384.5543    
           1          17          33   210.4258    
           1          17          32   9.487635    
           1          18          32  -619.8097    
           1          19          32   630.1935    
           1          19          31  -356.4921    
           1          19          30  -629.3537    
           1          20          30   271.2438    
           1          20          29   102.2933    
           1          21          29  -355.9247    
           1          22          29   235.3685    
           1          22          28  -451.4600    
 
